	index	m/z	Intensity	resolution	Slope	Intercept	RSquare	Ratio
0	4	252.1348448098752	8653351.0	257228.55	-1.620893250550568	2.620218291997351	-0.768273033180243	2.9945054416774597
1	9	254.11224600841427	7830361.0	273636.25	-0.32382498576803936	1.7129614258951968	-0.4278741345852715	1.7631014096860795
2	18	258.1070506328276	15143843.0	289033.25	-0.8856524537076854	2.7147657725726084	-0.9584696079744454	1.556175679537693
3	19	258.12230959563067	74457200.0	291817.9	-0.5827437089059919	4.100057606961029	-0.996193211309639	1.5896836307660827
4	20	259.1063419612399	8283475.5	280889.47	-0.6994359468223973	1.9617517581889226	-0.7982750082482398	1.5241590510994254
5	23	261.12195807459204	37977500.0	295722.12	-0.5831029326861032	3.41345462136786	-0.9798073442395717	1.5099897248384053
6	29	263.1375759647727	22129528.0	288781.12	-0.8086497297543181	3.0440772552640234	-0.9759750746276257	1.8081497226597094
7	36	268.16402950592226	30483748.0	283478.88	-0.6629236824494177	3.2750480011446634	-0.9822242890769188	1.7795007916079817
8	40	269.1592931938162	9176924.0	293163.3	-1.0991161510028646	2.3631206057355665	-0.8965676258143734	1.7820099959402012
9	42	270.1069008626147	14582237.0	287018.8	-0.4902671962797354	2.3976970106170166	-0.9132931509259717	1.3957523979373854
10	44	271.1385247045587	40126684.0	283193.38	-0.4824349889792196	3.413913047642856	-0.9526822166994643	1.4666518782535547
11	46	272.12246057999687	5768678.5	271079.3	-0.6531175618043017	1.654304465287815	-0.805181273437528	1.6688286672820214
12	56	277.1166547652774	34849316.0	284577.6	-0.5183812508377504	3.2915735434375986	-0.9884871460488833	1.4782523302929105
13	57	277.1530245134482	10248776.0	278669.47	-0.4229990304367907	1.9625539137075303	-0.5967132517035171	1.1890616653051973
14	72	283.27803215386507	12451488.0	280522.34	-1.2342651765250294	2.7803333019142933	-0.9767039162185267	1.7383434972073266
15	74	284.1223343432391	8294942.5	275546.28	-0.4865974941720587	1.8681485458661393	-0.41394040443525876	1.4667538876196564
16	80	288.13241004822714	6432124.0	284011.22	-1.1727572070066856	2.0628073978242214	-0.9610553727394803	1.4650888272142373
17	92	297.1538100198003	32826170.0	279402.7	-0.8382910368876803	3.474903388727715	-0.9897480921466714	1.683320330199345
18	96	299.096629990217	10653897.0	277930.12	-0.708807138956509	2.2357403733360295	-0.7573421449451194	1.2119750231747186
19	97	299.1693592079499	6344422.5	263652.84	-0.8502801239072982	1.7930880625117278	-0.7358618169728611	1.7531055203587531
20	101	300.08065312687967	15026072.0	263211.97	-0.7825169951188333	2.674016224139893	-0.9790876612897622	1.989604410426867
21	105	302.09628378275494	15607958.0	271408.84	-0.8165683038800514	2.7093702302488984	-0.959636069249674	1.883886190875921
22	106	302.1327065861101	5540547.5	246878.6	-0.5383025701906724	1.3693402217235178	-0.39688894913393263	1.3058619119222403
23	107	303.25166986928946	261292110.0	271800.88	-0.013927849642229175	4.921264586389316	-0.4519421787903578	1.01494096629353
24	112	306.1427295665515	6839554.0	268324.16	-1.0794225416843046	2.0860304778275474	-0.9560224900274634	1.7530198783623874
25	119	311.13290857038976	11374568.0	262377.6	-1.0232919598529426	2.5503005914090044	-0.9801109844613036	1.9274308601408798
26	120	312.153353267865	7437614.5	278351.22	-1.294038955944673	2.336853452679833	-0.8529088936377027	2.0502109984877794
27	121	314.1689108251255	23196482.0	268208.28	-0.630983779879433	2.981259442520559	-0.9529697392961698	1.6311296966308189
28	126	317.1069712329914	54907788.0	264336.1	-0.549256551255264	3.7617780800791545	-0.9710986641824977	1.4368380242969887
29	129	320.9137555039895	5220588.0	253604.06	-0.859655371321817	1.6918364476983379	-0.7165904639182942	1.874563807660996
30	136	327.16403437552117	7309407.5	244877.64	-0.7674636540868695	1.9203379684192587	-0.6526790481267641	1.4818572101943182
31	138	329.14321402512456	9202446.0	259880.1	-0.5975190919293913	2.0296559757793347	-0.9057626108915064	1.2603281791620737
32	139	329.15850412942586	12261390.0	258108.86	-0.7364325455735992	2.4112387399914907	-0.972955149433849	1.7114479701726992
33	141	329.7932696859035	7161012.0	248487.67	0.42857541949856276	1.0624116895559652	0.288368060579603	1.5497726722086609
34	142	330.16357115926814	18573934.0	256925.42	-0.4558973343120275	2.6122919520894863	-0.7198149119682113	1.7011304761678554
35	143	332.1944257807099	5199197.0	273043.84	-0.33092978161757663	1.2694748740692032	-0.2940237094190703	0.9827587613279422
36	158	341.14302326563853	5129722.0	249773.14	-0.6152225588362414	1.5388488321104665	-0.7212445938215298	1.0234477976718026
37	162	342.17469602043826	15048994.0	251265.22	-0.7432138193906317	2.6376695504157843	-0.821589643303425	1.6320350603964184
38	164	345.15319108677215	5231332.5	269571.8	-0.5999906548242837	1.4651172162866983	-0.6365270696983923	1.1638034151427072
39	165	345.1743616076334	7816481.0	246875.84	-0.913601657205745	2.088007574976312	-0.9271145658574198	1.6412249287103784
40	167	346.13711778830697	19546778.0	256651.48	-0.9033623618528952	2.998729303743917	-0.9878693865758722	1.774623447521681
41	170	348.15281272930076	13829889.0	240786.95	-0.7425250487493521	2.5001205483622964	-0.7456956571611523	1.7787823119274155
42	176	354.1745203313741	21312004.0	249178.9	-0.6679728820857616	2.9257375048331498	-0.9933928197291338	1.8454815325460892
43	184	356.12134218292954	12358961.0	251895.6	-0.7536045785464301	2.4286032651784986	-0.8551549309568519	1.6467072296130194
44	187	359.1686364423538	5077452.5	245179.17	-0.7167609300329807	1.5320444243711806	-0.7098020623709428	1.1459485005455137
45	189	360.1890427996387	34022770.0	250779.11	-0.4337193843908857	3.2051558381275562	-0.8847664355061267	1.2700911432333812
46	193	363.1709303122054	7269510.5	252281.69	-1.3421347611443553	2.2433919392727324	-0.8841276471332031	1.4190389305448288
47	194	364.1474716637099	10103783.0	247237.61	-1.087637849738683	2.4089644915132093	-0.8646598607094629	1.2607580279879549
48	197	369.15282876888955	13383142.0	240228.94	-0.77656561576468	2.549314710057912	-0.9230854512174593	1.9812088581639364
49	204	373.1324522928585	39270890.0	241179.61	-0.420326229932377	3.3531721182592715	-0.9695111643236936	1.6083337519114715
50	205	373.14771454358237	34203150.0	238462.23	-0.41837494317772045	3.218114805744787	-0.9517723859351551	1.6202449572553086
51	206	373.22044471230055	7011874.0	255086.42	-0.8389407346937359	1.9522383388614535	-0.9339740291193037	1.5101516879326564
52	207	376.14732796653186	13413539.0	245716.12	-0.5988309554385558	2.404621565104412	-0.8986429737247446	1.5268065077616195
53	209	376.2201255809475	16826390.0	243207.61	-0.8924719312748838	2.826548984891065	-0.9737092109440989	1.5828472193026115
54	210	377.17891879464366	6832010.0	250875.39	-0.7454709912480552	1.7852091431538128	-0.840821754382906	0.9868988864348988
55	214	383.1894472749913	134063256.0	239725.78	-0.5001392270346519	4.637423104432924	-0.9974346001919121	1.479967464327894
56	219	386.17921462886204	9036817.0	259060.97	-0.7976625009490464	2.1353596173911047	-0.8746695214989811	1.5879455088036702
57	221	388.14713587870546	5723891.5	228227.16	-0.5271017554232804	1.4775563910430665	-0.5669607709915108	1.4029286623748778
58	226	393.24646792353485	16069448.0	242092.53	-0.9427499020744516	2.8209786060108257	-0.9618246289965864	1.7354627121988195
59	228	397.0957345313487	10896445.0	244600.92	-0.5888925832690375	2.1711669954129915	-0.8692855000067006	1.2098057210184734
60	229	398.16389268548465	5169085.5	224121.94	0.1316039646788912	0.937596654277716	0.15913593266157167	1.0354520196558794
61	232	399.1477440396069	5001742.0	226931.1	-0.8287829763255333	1.6368352167193068	-0.7482018711774876	2.6802918678482945
62	235	400.17939886436034	13889355.0	234214.14	-0.6268041064671339	2.4612227139667193	-0.9621212065901289	1.5667642677217473
63	237	401.199805912838	13768103.0	234023.47	-0.3937671248312936	2.2762360067026908	-0.8019766083542235	1.530437789455127
64	244	406.1575880576354	11515112.0	226725.58	-0.4000221972554434	2.1284008413837485	-0.832636539892647	1.4705298115900411
65	245	406.1870364024056	12646255.0	230381.22	-1.081053910177388	2.726675513466779	-0.9591567769086397	2.4009874867924053
66	248	408.1917812486648	93506584.0	232811.3	-0.5651414612947253	4.321714938405005	-0.9982279100764403	1.5417051659186207
67	252	412.17916662533	6272901.0	230811.44	-0.8371232646470861	1.8444954695564593	-0.9158321735316276	1.6381913647391353
68	255	414.1221548801725	18651818.0	225912.12	-0.5622441721889674	2.6897793207723524	-0.8618473429273157	1.4975420258191272
69	257	415.1061481772491	24616728.0	230369.84	-0.6738547065380933	3.070913541451334	-0.970729850214095	1.6456268231061528
70	258	415.19214543767725	13285719.0	220149.47	-1.242374095264496	2.8041163698672933	-0.9167837007647006	1.7017640050801033
71	262	416.18943037534746	6575661.0	232381.36	-0.7300317095661363	1.834401628906926	-0.6687606589888281	2.132431965929139
72	272	427.18433472040607	6396852.5	244501.94	-0.5960609138039943	1.6087002060932276	-0.551105548895266	1.0239590868815807
73	274	428.21034379696357	10419001.0	221966.47	-0.26608857319921786	1.9307491734646172	-0.7206631868116075	1.3649809571288243
74	275	429.2209264971985	7125667.0	201164.42	-0.3178828324124892	1.5856698093190225	-0.48409265604337254	1.7756340591078859
75	278	431.22521339899083	19553508.0	234059.03	-0.6904855148944741	2.8479443347858773	-0.9136586086850522	1.3766090582833779
76	280	432.13241071123673	73597080.0	227599.66	-0.5173213320448591	4.034823229512051	-0.9887699310187493	1.3900712319870756
77	288	440.1890916617483	12516598.0	229997.66	-0.8904733789081538	2.555334949449768	-0.9156211532996226	1.7300745211227648
78	289	441.19408992446	7263375.5	220845.5	-0.7440336640398876	1.9257850043792808	-0.9699593523723878	1.508832895980759
79	294	444.183951290723	25691864.0	223531.81	-0.803540303898316	3.1961128723561805	-0.9805533245191292	1.7871784431739013
80	296	446.2208041772259	6126750.0	222798.67	-0.5944528452586596	1.6179980261116749	-0.6472487981294264	1.2710439561973719
81	298	447.18363139179496	5036521.0	224447.56	-0.17530146050027817	1.103849235910528	-0.13606983725226657	1.0714454130278097
82	308	453.2052580087827	10253361.0	228164.53	-1.1065946980477412	2.4965524629686975	-0.8470883069724701	1.858505125626838
83	310	454.1893587978573	5246245.5	228341.55	-0.721732380390904	1.5859637293068838	-0.5824928677640107	1.388398848041743
84	311	454.2257291725832	10643444.0	215625.56	-0.4383074415300684	2.0678941603095113	-0.7998186980550938	1.6640409416710364
85	315	457.2153566691422	14197054.0	209499.88	-0.6543619556274958	2.4950062539457036	-0.8871765540942796	1.776609456636972
86	320	459.20459794557314	7616757.5	220683.88	-1.1162491589095436	2.1602571572475817	-0.9368579511170236	1.5077586436734356
87	323	461.23529852965163	5231658.0	207884.89	1.3839265549617563	-0.027659508725545234	0.523458485577674	1.0262997803519485
88	326	462.70230921409456	8051486.5	209001.98	-0.8538782921107221	2.1407694739856833	-0.843999380468047	1.851666531733431
89	328	464.72570748963057	21580274.0	220835.12	-0.950018979659954	3.1149622233976877	-0.9712734518846269	1.64824924547264
90	332	469.1998589248276	7518407.0	214373.72	-0.6001039786076111	1.8478141640135173	-0.7414043224153841	1.6321799697648132
91	335	470.1840236979434	6476572.5	213310.5	-1.9012012982322086	2.3983716349408097	-0.8087096739444329	1.3653205199807468
92	337	470.22039791013975	9740557.0	187171.8	-0.6449916851494606	2.1331977152141577	-0.6649484812369365	1.8550485609404372
93	339	471.2156101941836	12102083.0	218949.53	-0.30777652973144115	2.108650839775388	-0.6013329519180142	1.486078153301369
94	340	472.23599842517876	15164692.0	215223.88	-0.6850883978863637	2.6119649218834615	-0.9602010307297123	1.7529847140441475
95	342	473.2465392102632	10749142.0	226986.48	-1.207220112454251	2.639171276053027	-0.9364398092876647	2.0298920750554155
96	346	475.1781374351041	8143565.0	198504.14	-1.111016488652501	2.2214335677829444	-0.8419630254668327	1.7961841858613856
97	347	475.214542522702	8324987.0	226836.42	-0.8526914425344204	2.1309541554335816	-0.7893622578910846	1.6825477258177053
98	351	477.19374543238155	17428906.0	214493.84	-0.43200995820052934	2.517960180862179	-0.9191337597324738	1.3487501486960753
99	353	479.26441713881604	17918528.0	217252.7	-0.5898506104649384	2.6838284422506944	-0.8895446431558738	1.5273407179853804
100	378	496.1629730007437	5925256.5	220503.28	-1.4041190164308355	2.0972392745424036	-0.7463455710921918	1.747003552629635
101	379	496.27205583648754	5715829.0	210005.34	0.07914004742021404	1.0425671547126139	0.07035983153276372	1.0397743858464148
102	387	500.25729863742663	5787489.5	192702.5	-0.6971445974993389	1.6283731519293647	-0.7910248981513115	1.7056120793478151
103	389	501.24101482539277	21055780.0	206822.33	-0.7560509117977922	2.975933094176812	-0.9674846013100432	1.6242767323807188
104	390	501.3137719998825	12824770.0	202054.25	-1.070214576223938	2.6979711488121594	-0.9084031431189498	1.9836116461867295
105	393	502.26151783233945	12071564.0	209066.78	-0.7112854404620577	2.388026025708927	-0.9663742119112697	1.6276531009081183
106	403	507.25896120041136	51407104.0	208341.58	-0.5557100612712408	3.7115707620261875	-0.9946595174018922	1.5462537428336045
107	410	512.2302152600884	5333854.0	196050.72	-1.4877503883204783	2.0740296429092906	-0.7539322102545868	2.134421858369519
108	411	513.1893218167777	15984081.0	201656.5	-0.7199601115624386	2.679029436015554	-0.9205905846513002	1.55543112646439
109	412	513.2620457019672	7100290.5	213789.31	-0.5170498874598173	1.7254014831185145	-0.4988386557883612	1.4644125568352262
110	413	514.1733832722867	11476103.0	200166.7	-0.935492732939013	2.49735155368333	-0.9223189342281288	1.9976475135632648
111	418	515.2201075735485	12525435.0	206643.94	-0.48435923826738336	2.2548243454529446	-0.6261477710659793	1.9631088907198562
112	427	521.339666977329	8352276.5	198494.02	-0.6693545313080954	2.043371004731164	-0.671295695793218	2.174431182125285
113	439	528.2516068954037	14802522.0	209423.9	-0.7272796592854437	2.6132543014845835	-0.8492496612004252	1.8329073428047493
114	440	529.2357283039389	6532090.0	184595.75	0.14676874136705403	1.0456720655881069	0.08314846223052692	1.156463713237415
115	442	530.2407932774723	6635018.0	180425.19	-0.817809818919178	1.9169102187288471	-0.8921001542559772	2.2635199479325916
116	444	530.272200519621	12404717.0	211081.53	-0.5706960052675555	2.290278546704136	-0.9564221675091225	1.35017615675832
117	445	531.1996788453592	28704742.0	202170.25	-0.411592911882405	3.032341976077602	-0.94973253821061	1.4856229137779882
118	447	531.2563029149239	7528269.5	190134.52	-0.4725037015231187	1.7360741316626989	-0.43798893330835353	2.313966331808686
119	456	536.6313633407233	5233287.0	183758.83	-0.6750257001619894	1.5815886770420957	-0.5681667378483642	1.8411401426668434
120	459	541.1992173478249	6174355.0	213019.58	-1.265767133201146	2.026068967747543	-0.9400654214305278	1.1996169597941206
121	462	542.183163168205	20313072.0	209019.81	-0.8966119433344162	3.032215781815829	-0.9441623591080766	1.7376905656361818
122	463	542.21554672976	5497491.5	198064.28	-0.5387442818377042	1.4947380853363583	-0.7517801431151308	1.460705234414488
123	467	546.2143430946729	11435337.0	208066.56	-0.6652323523263177	2.3011225159672715	-0.743467959400742	1.385161754807456
124	468	546.2506802839275	11205895.0	209896.6	-1.2042109870169626	2.6077398372736713	-0.9279049891958314	1.546375315739953
125	482	554.2303638025285	5336931.5	163938.8	-0.8539130293754446	1.6834397306894409	-0.6260994064802552	2.069227754860322
126	483	555.2144778017723	7156617.5	207469.9	-0.7622283648189748	1.9153287788089113	-0.7218005995612318	1.4568546997114484
127	487	559.2094276488472	70008520.0	199053.7	-0.5805617569545437	4.0342275206444285	-0.9960018790870657	1.5850691769558054
128	489	559.282355613427	7964288.0	196838.69	-0.5976633370742879	1.8715363614636997	-0.7698782737025553	1.208153364298044
129	490	559.3033202851827	6435089.0	191146.66	-0.15442163030293954	1.3378999623276717	-0.2684486654007779	1.0676277854103666
130	497	562.209229744239	6717813.0	207600.25	-0.6267856497205594	1.7141837949931744	-0.5849842459171534	1.352550271495431
131	502	565.7903726101702	13122468.0	197362.14	-0.7752300015559724	2.544135408895216	-0.8952187596296707	1.927428644531257
132	504	567.0608215989125	16943382.0	195838.19	-1.429000789466898	3.1997206951488852	-0.9600806991891985	2.1832427738778266
133	509	569.1786252268653	5951723.5	190586.62	-0.50621763354501	1.566673354059274	-0.618825470741176	1.5795960176362422
134	512	570.2504395933612	5038790.5	176407.03	-2.3665192446442376	2.4852393778912703	-0.8566356968302253	1.726968520710336
135	516	572.2408108534723	5600185.0	190233.81	-1.5058163069333743	2.2100312870842784	-0.9628725807275416	1.9075863013159688
136	529	583.2668290060535	6092710.0	197024.3	-0.4751109259277856	1.4659364717631622	-0.46452410389026544	1.0794507224993728
137	532	584.2618816480496	8697098.0	200250.19	-0.964315182803658	2.192807832263512	-0.7392976990274154	1.7984419941252214
138	533	584.2770770735483	11322471.0	190492.03	-0.5523898323305041	2.215544402337401	-0.7381379970240777	1.6104678209203074
139	534	584.2983314929452	6816091.0	191577.47	-1.6765847479615028	2.4037486716454337	-0.882832041169987	1.3161204148727732
140	536	586.2046342195931	6252141.0	166302.17	-1.4135541477224087	2.1118910732379885	-0.7419542979894386	1.7542039086513503
141	537	586.2563869779863	12625508.0	201370.66	-0.864177870622401	2.5061414206386203	-0.8498232611425738	1.4526139118004595
142	552	588.2608372467574	11774756.0	183788.86	-0.5575489029298097	2.2592552997089377	-0.8003967328736048	1.7960368766891501
143	553	588.6605384041764	5619061.0	178226.83	-1.3087302820758844	1.9983028149420894	-0.781008516404073	1.447866699714584
144	557	590.2766792079759	7807583.0	183727.61	-0.49539483852474	1.777119956383414	-0.6339697190371684	1.0790897528180048
145	560	592.3471237587175	5490556.5	191493.16	-1.9030112901609855	2.3977741950335263	-0.9457565999008197	1.3916059936989102
146	566	599.2879607217715	6201466.5	185808.39	-0.8974855557727796	1.9028826917605337	-0.8738367229586949	1.8545327642960248
147	568	600.292992287706	5740019.5	194692.9	-0.8996178818174286	1.8216888232176882	-0.7333109121506349	1.4558403227321888
148	569	600.3809367428097	6891189.0	189979.86	-1.2369327865950615	2.220018074112598	-0.9580714724081215	1.7935758470735563
149	570	601.2769543256775	6604885.0	192567.33	-1.399573570341405	2.204651049359383	-0.9318530411477369	1.4285038279016935
150	572	602.2874260323156	20584456.0	195323.38	-0.5685668738950598	2.817201071025689	-0.9242657845095508	1.4229360354904323
151	575	604.2668054969569	6028510.5	183659.36	-0.9006258726450613	1.8420531253996493	-0.8767193325414735	1.809104579086771
152	577	606.2711992319156	12482901.0	196141.94	-0.5113496631024115	2.2749415338270915	-0.6681647335235872	1.7470253609872715
153	587	612.339470297489	14840126.0	178333.7	-0.42513746432497534	2.4319115906437956	-0.7731494866995353	2.2215067233459305
154	593	614.2873092266179	11938443.0	181522.3	-0.46730638883484366	2.1840989866765583	-0.5818613252641224	1.6829781921416884
155	597	616.2667342759861	7463809.0	184992.17	-0.30438785168082805	1.607135037901275	-0.2532477925802477	1.1985967217757145
156	600	617.2869259506828	7862564.5	189889.6	-1.2557083954502324	2.332384972841719	-0.9395314557776856	1.6564029181575686
157	606	620.3415759737381	20988228.0	185725.02	-0.4688358315392622	2.7709543900573124	-0.8456502648857877	1.7303812198135906
158	608	621.3055149871504	5090027.5	170881.98	-1.3578764552310532	1.9840811454166702	-0.860448922812494	1.943721510293296
159	612	626.2507667574675	7134890.0	173104.86	0.38780963063689966	1.066604898320854	0.22335363778358158	1.4504843615805911
160	619	630.2456277093052	22656972.0	184626.19	-0.7674563207417179	3.047831655377662	-0.9636690063675091	1.740471089797803
161	620	630.3109169297907	12382229.0	189621.14	-0.9936665824769707	2.6106707128007183	-0.9724095595762946	1.7286923060583845
162	621	630.3397075234832	9678506.0	186865.94	-0.6448992432796508	2.171042375485949	-0.6385905749078847	1.4485579332254852
163	624	631.3026331528995	5650339.0	172422.3	-0.6839961405919537	1.6173430132091966	-0.7516910614357727	1.7484292138629147
164	627	632.2975898839468	16108755.0	192169.77	-0.8713652848192514	2.7887436326709967	-0.8764093811917459	1.7876559921160333
165	629	633.2452512109361	8010537.0	192442.7	-0.5124876777214922	1.8634771824337468	-0.5787470984370597	1.7647600459844135
166	631	636.018202545642	18422280.0	183460.2	-0.9582544410326298	2.989671389100527	-0.9623662761777654	1.898090261816784
167	639	641.2977169706894	5992883.0	191668.98	-1.0138554393795223	1.8996024402935758	-0.6316073833122837	1.4240046597143075
168	642	643.2773521202218	8051573.0	182198.77	-0.05522911804935504	1.4636506296106566	-0.06294469755298931	1.2776048020771469
169	654	650.3080358952009	8890150.0	181496.5	-0.60766438153535	1.97150818196366	-0.8491495398854857	1.4198956582036097
170	655	650.7872753722096	5132257.0	163771.92	-0.37641499399669653	1.252245619760984	-0.4192657138596119	0.9898956530354469
171	661	653.3190469487508	7660929.0	178713.97	-0.9019753433225987	2.042311335398236	-0.7663591170635583	1.5557089707525944
172	668	657.2411587324295	8165724.5	179949.36	-1.500685196296176	2.5309288676883357	-0.9653083085101102	2.295233227473886
173	669	657.2925341199045	12284567.0	180546.8	-0.4370711316257572	2.2226807085372102	-0.623497230130766	1.7228492516046976
174	671	658.3494899205691	8115445.0	187515.64	-0.8967204445807271	2.120718236786322	-0.8887544152379904	1.1901856611752075
175	672	658.3915762672921	9404233.0	183743.03	-0.9206137561970503	2.3327773805051972	-0.9009330160418108	2.1471218492923847
176	674	659.2971049791984	22442078.0	183285.39	-1.0752866700008785	3.268353948993614	-0.9953812977555079	2.068980516721632
177	675	659.3082519469122	10438966.0	178597.81	-0.8246830157901175	2.33795663005082	-0.7923157495918388	2.0778796147875833
178	676	661.2762937513351	14020295.0	183255.77	-0.612311817467202	2.4626252671311963	-0.911367161902299	1.8658243675685138
179	682	664.0770237175211	14316585.0	195516.1	-1.3850655532493152	3.0454967080058797	-0.9404100535002988	1.9228853590500228
180	686	664.2507001933099	10497445.0	181428.08	-1.0996535334993485	2.513537667308854	-0.9847637980320963	1.6886437482365841
181	694	669.0406814379347	19406756.0	184017.97	-1.2561887421290028	3.2289498494783477	-0.9574784179184671	2.3336188034566545
182	699	670.3450727124159	15528320.0	188441.2	-0.675593137586806	2.5749883277923193	-0.8238221285026046	1.37424054794766
183	700	671.3291848701518	14972330.0	168834.08	-0.7326194108084173	2.6094160845435956	-0.8668751790794114	1.713074129787263
184	708	677.3073010776153	27620806.0	177819.58	-0.7457984799200911	3.234881070230753	-0.9634527085289994	1.9378570453227473
185	711	681.2771500368033	22481926.0	177439.67	-0.551579844488511	2.873848638365626	-0.815237552522932	1.5428503916541279
186	713	682.2610186205402	35639556.0	178936.44	-0.5997357834974129	3.3720774666003583	-0.9762225023142089	1.563619871878462
187	717	685.3235258593616	16158057.0	179263.47	-0.7913396361083088	2.736585542674809	-0.9436090118391304	1.879451443240278
188	722	688.3231123537972	5375970.0	176209.84	-0.47922000626442973	1.4057331822858088	-0.7523920045247227	1.3269282853459128
189	737	699.2873912098862	128912810.0	178389.05	-0.431002829126076	4.536578135947846	-0.9952128734916706	1.4019385537382782
190	742	700.719162175589	8677354.0	171013.53	-1.3848571916981935	2.5241377920330446	-0.9650714775491671	1.8644125800221192
191	751	703.3339105625344	15407694.0	175798.55	-0.7942153155989886	2.6661555862322044	-0.9129461001482173	1.9319114252986098
192	753	703.8439650100943	7712984.0	174577.38	-1.1645378030386127	2.2574810137576327	-0.9055886592040999	2.0477720237645802
193	759	706.7245221458896	7586352.0	192498.66	-2.0198201306050514	2.824457707885501	-0.947154645659516	2.61563940332035
194	771	714.3132608739004	11349189.0	181875.69	-0.3353912062877629	2.030327487256073	-0.34426217537375214	1.6195273055347157
195	778	717.3014670353767	6767520.0	173895.67	-0.736659529094674	1.8273575695912656	-0.6829790066259984	1.704149633043066
196	786	720.8682407440926	5488238.5	173207.27	-0.9017103102698525	1.822345952870682	-0.7575928890238257	2.5211975040867936
197	787	721.3442269647651	10550991.0	155432.47	-0.4787922126766998	2.099288072838736	-0.6032508235511421	2.069440770583949
198	789	721.9040527543032	12206038.0	178529.83	-0.8410057124475555	2.5116822927112006	-0.8793631379598118	1.916267609999828
199	791	722.9117192855662	8389237.0	176190.33	-0.7995549651910955	2.041065357405828	-0.747024748031512	1.2586648889203433
200	794	723.3948289205507	5096027.5	178697.06	-1.1304307893481447	1.8076566575121036	-0.7413838198584655	1.4672711085322552
201	798	726.4221516255227	8621509.0	173146.39	-0.9923613060058031	2.3000178554275514	-0.7898636237870601	2.3799936400257353
202	803	728.2773080883021	11550248.0	176289.0	-0.5779372870052828	2.2699268085328788	-0.6892629400741295	1.4136112053233614
203	804	728.3290050559712	25474126.0	173739.16	-0.5471712908741379	3.015831668351251	-0.9415710111353726	1.6813479876100157
204	805	728.4742437461764	5003659.5	182295.83	-1.015429745094383	1.7545940605679564	-0.7743080379729774	1.124244373934339
205	806	729.3340741936531	8464554.0	165555.81	-0.4315609700184254	1.8625971538947115	-0.6706977608097555	1.6407499820206575
206	810	732.3124714638641	28620358.0	179444.52	-0.6556848571522863	3.192254482850979	-0.9846858322534293	1.4148827906509018
207	815	733.9011667855076	34999708.0	165698.88	-1.4785350994508275	3.9947865565033274	-0.9801570923025748	3.1115268957072226
208	817	735.3122268406926	12582588.0	165919.69	-0.47556072007842104	2.2501643842454744	-0.8277290533036304	1.3842505343675104
209	829	740.292355888013	8724502.0	172476.81	-0.6019513613017518	1.9150840550890817	-0.6196899929045733	1.2797166951785144
210	839	745.3806530439742	12941135.0	173347.86	-0.5894583267455769	2.380282660810401	-0.9242863933172861	1.5700803420545884
211	841	746.339249707805	10359305.0	171905.52	-0.986236506141476	2.4307789787084846	-0.9016704005070056	1.553599449841989
212	848	748.3434974668578	15305419.0	177500.98	-0.6010945655680897	2.526988346399162	-0.9313263000120169	1.2978618839966964
213	855	750.4142279693082	6416956.5	171926.34	-0.7298636241893787	1.696755691409426	-0.5524018926109046	1.208933288553363
214	866	755.3701621270777	5755950.0	163735.2	-1.1459819047239739	2.0455841523494733	-0.7923770379371711	2.13068888027391
215	869	755.7447417466209	199456980.0	173005.03	-0.9668174517914442	5.367171365025794	-0.9968975950189277	2.0644281762481964
216	870	756.08015665321	6758135.0	181640.38	-1.6491890131386484	2.448838561587043	-0.9572173634881743	1.9873278289710694
217	874	756.3599243319911	6668273.0	173662.72	-0.8533514478191486	1.9213814426921183	-0.7024323502835268	2.110590805689598
218	884	758.3026274207543	17284290.0	175949.38	-0.8695147648398833	2.85987647193276	-0.9642703366984567	1.5644238555666934
219	898	763.3906495295229	11734349.0	170179.97	-0.6346552815098151	2.3008419546258754	-0.9200769533887356	1.4624104406561889
220	903	765.0846675685616	7453135.5	175649.61	-1.2945181000739918	2.367267795146081	-0.7729630658637598	1.8233129679600497
221	906	765.457882900206	73389350.0	168650.75	-0.5972204284257419	4.107934357642748	-0.9923345427496534	1.5738652786261322
222	910	766.5873256678276	5417227.5	168314.9	-0.34133483351073657	1.3610628025950229	-0.43990769086166726	1.7459737632912131
223	915	768.3648024877227	5303875.0	166158.77	-1.2024932486505255	1.8954912697559256	-0.9171320181444155	1.3681174208497104
224	922	771.9147147727809	5036131.0	102473.48	-3.5909732634881815	3.552576812444593	-0.8884418311432516	3.7241732935566527
225	923	772.379358427333	7634882.5	142585.9	-0.1325149724580116	1.4890964996607785	-0.1279265396825589	1.3699450952034626
226	925	772.8253283672243	7413032.5	133163.36	-3.498512215341428	3.649358919137535	-0.940237947752088	4.9908712328158025
227	926	773.1296560848289	8607721.0	178794.11	-0.834984506228865	2.1226065492967607	-0.7465015012083733	1.337023362938563
228	934	774.5880808747625	105546824.0	169815.23	-2.2342195157378257	5.626411960267392	-0.9972694222873237	5.577164233201689
229	936	774.7563493005694	9800611.0	161070.52	-2.378741432637077	3.3109633326252546	-0.9802037889701967	2.555813014991381
230	937	774.9226016117248	9319303.0	149786.23	-1.7888846695564047	2.8560395882172127	-0.9252060827396091	3.150128793156209
231	941	777.6319615835885	11599687.0	158869.02	-0.9632339847787641	2.546114892028392	-0.8592504977721428	2.104569026345214
232	950	782.3596528951853	9520890.0	168554.62	-0.4861550333671676	1.9870465194859883	-0.6838890930816025	1.382876759746316
233	951	783.402948963389	7090338.0	158246.56	-0.9435640499047402	2.013402871667251	-0.8564576720997519	1.8015341658167943
234	952	783.4448300561604	12568892.0	160409.64	-1.262729661300368	2.799116684470227	-0.9397588746049115	1.8484143867374563
235	955	785.2981555132841	8903135.0	171635.75	-0.6713707952228674	2.06142735418746	-0.5858728822221235	2.097590443963527
236	957	785.9323881090509	7534573.5	160910.05	-1.0291288870754176	2.118747894821143	-0.9284759779193112	1.570077189981235
237	962	788.3381565223646	18061790.0	163213.75	-0.5590449458266549	2.6766390003503835	-0.9649634305552272	1.6354514407796712
238	971	790.3899413296883	10830848.0	174314.44	-1.0404326277230387	2.5213649980055646	-0.9497720309256966	1.922822957123333
239	974	790.7637914547752	10648166.0	160343.27	-2.689091511689409	3.5842989615706906	-0.9591766228729521	4.24613192714113
240	978	792.3804129485791	5192767.5	158674.08	-0.6133557300341898	1.4569147081091407	-0.50606714913456	1.3538372428792658
241	984	793.8697211078675	6592566.5	167349.19	-0.6088314462939283	1.7365303136696217	-0.7995598648830947	1.7999387581885686
242	986	794.0866137696562	28807282.0	168207.5	-1.0129155071515616	3.4582843629999007	-0.9958032494733033	1.8398365085597148
243	988	795.3913779025066	9528924.0	181181.08	-1.556156796877041	2.7575870988250455	-0.918535430088568	1.8627357938759266
244	994	796.4147132829827	6097521.5	154253.05	-2.67731911718337	3.1007514050179483	-0.9797860432803721	4.945843973620887
245	998	798.4062252299088	5403027.5	166371.53	-1.0207160874319883	1.8229788568113419	-0.6109674688428255	1.4310292420293587
246	1005	799.9480660370198	18822898.0	167841.06	-1.0780275539303734	3.084369572836706	-0.8846213268098538	2.853878511608876
247	1006	800.3702448835211	13143046.0	155262.25	-0.5270472134320057	2.3650370345873175	-0.8556984102395466	1.9772549548130012
248	1015	802.8749656962077	13395227.0	160119.8	-1.2542887609925475	2.851295312085342	-0.9385294672581116	2.1687902054736705
249	1016	803.3487616864375	17432794.0	167673.66	-0.6192601859015369	2.6746609561259453	-0.8401857376810428	1.6573654068918446
250	1020	804.4424973396101	40402596.0	165274.72	-0.7771129036790158	3.6473784142529695	-0.9700821897125561	1.8424765909569671
251	1023	805.4374906368746	36106100.0	164631.88	-1.978860808195707	4.325972512142158	-0.9856805125469181	3.2978531860115745
252	1027	806.3484135992586	29962018.0	162503.17	-0.7755092609151258	3.3395262204381635	-0.9648698751049963	1.7779713453015242
253	1032	808.7107722415396	15658779.0	164291.48	-1.7788241757168435	3.3150057666243113	-0.8859234694965593	2.5547912719281656
254	1036	811.3648377105699	19543392.0	166185.88	-1.001625962994836	3.0772106741525693	-0.9658351338135522	2.011633500778552
255	1038	811.775940498679	5511629.5	135814.28	0.8380809714939181	0.4464602031737417	0.5703296825356927	0.8567374846071374
256	1039	811.8800483101945	8263794.0	165790.9	-1.0053489567994132	2.17249173789154	-0.8648649800022115	1.2306870548560827
257	1042	812.603153194613	28712284.0	152362.89	-1.8365802120763317	4.035396138511468	-0.9802031676405241	3.7703254016907177
258	1048	815.5055137695215	5353696.0	146228.92	-1.3625841024452632	2.014078536664661	-0.8222497328315079	2.490948949509332
259	1050	816.416686081663	13144929.0	167901.55	-0.8393158137982164	2.5328141207757047	-0.9547453869570576	1.6091786684208729
260	1055	817.765158461981	17029774.0	159325.2	-1.1266448932458453	3.0249327257325853	-0.960083263142545	2.3911964100305796
261	1062	819.3222459796373	11113226.0	160256.98	-1.0593260730833163	2.567372249561099	-0.971608055427025	2.09605439122687
262	1065	821.4505659219271	18343754.0	167195.38	-0.6405147028137178	2.7498805047953443	-0.9571446187748427	1.5129325259576518
263	1074	824.8479390470487	7285194.5	166718.16	-3.008240054804563	3.1742620044174608	-0.7820978691675691	2.1614218835869314
264	1078	825.7611182029738	8536134.0	157720.4	-1.1241379067655157	2.398181448408037	-0.7988899242497377	2.535760405645025
265	1079	827.3444777091445	5506036.5	161223.19	-0.37170802420863375	1.3822101339103732	-0.2909464135152952	1.3285713901839562
266	1080	827.3960017690747	9018512.0	162825.89	-1.1149209463957621	2.385281747368045	-0.9522702221922579	1.7042116770996583
267	1081	828.0540165715444	50079892.0	158384.25	-1.5064338929081171	4.378493509381494	-0.9981012479526076	3.296936852911657
268	1082	828.778818252733	8962747.0	154091.06	-1.5082882023347943	2.632088669720165	-0.9663826542085822	1.8521594604192537
269	1084	829.3387205260444	10928280.0	160616.83	-0.8610330360169817	2.3838892601729085	-0.9254649804085471	1.7504218983315805
270	1085	829.3752227915122	46067720.0	165003.3	-0.6502630575273464	3.6766444393359623	-0.9781938663088788	1.5000021507778192
271	1092	834.4269214683515	18974978.0	163199.66	-0.5403890479000134	2.7085947373945434	-0.9622250193882089	1.4331318498223995
272	1094	835.3494842062214	5700578.5	161131.06	-1.0767626301119408	1.910982926701998	-0.7047786094754565	1.2538107105129834
273	1095	835.4661876479556	14322825.0	161829.2	-1.0205757348531928	2.7803851044834755	-0.9658017199620684	2.160836031498887
274	1099	836.3333032239306	9160033.0	160386.3	-0.1323144334658708	1.6694106848106898	-0.23993149003446082	1.0257406369214865
275	1100	836.4633836371672	12159708.0	152569.69	-1.6304033946467456	3.071038241174118	-0.9667309653627747	3.1587099834043717
276	1108	840.6171734483289	6596848.5	98658.805	-2.625161362597793	3.2461314156842778	-0.9670795232099693	3.259932134651801
277	1116	843.3545814765848	6778050.0	155221.69	0.16496915635928958	1.1720160992067046	0.297369750796509	0.9160471065681661
278	1121	844.6078591319797	18505300.0	163774.22	-1.3646049042710127	3.325105201968275	-0.9505794782482202	2.945885458772474
279	1124	845.45629036367	6021153.5	146717.02	-0.9040438204565651	1.9311585713313697	-0.5873403028880942	2.1177865101973596
280	1129	847.385640448624	21099974.0	161989.23	-0.7226839370313806	2.9697138974160735	-0.919152208334758	1.6754460839011505
281	1131	847.4639403619422	9250721.0	154951.42	-2.197791324873202	3.197385275438151	-0.9618584551568429	3.664466452808245
282	1133	847.8673730857279	57706268.0	153978.83	-1.4461606319638824	4.472381247229129	-0.9848750462931174	3.1899639084518787
283	1135	848.0683525933323	7165928.0	174822.11	-0.9502191594731799	2.0880166213391758	-0.7104680049973481	2.4706278384223426
284	1136	848.4382137939056	5079604.5	145111.66	-0.37853028252441484	1.3539599006114695	-0.21691370929918305	2.0263851361369234
285	1145	851.0556275445683	24778398.0	159733.83	-1.5882020519474092	3.7114326380173206	-0.9931717236283634	2.757427594513121
286	1148	851.4561749571517	5338118.5	169216.2	-1.860862959027458	2.3322163555261763	-0.8711768095408343	1.930667477323923
287	1151	853.35963783506	19592816.0	156641.9	-0.46346064380500257	2.7103608054177077	-0.9219303894632302	1.8418827436952716
288	1155	853.9761502176216	18009712.0	164120.0	-0.6855513158143047	2.7705538858813044	-0.9284588068730174	1.5110386901988464
289	1156	854.4390757179608	6312559.5	166668.17	-0.1307875090761449	1.3121114319751443	-0.21818046261763266	1.1529951435902623
290	1167	856.1072049220286	34710620.0	161121.08	-1.1771628527655162	3.783368374232764	-0.9834568522295967	2.2729634799720397
291	1170	857.4064812221651	5661572.5	146805.52	-1.0671599123818443	1.8960717444035584	-0.8520231332463899	1.7639660531341879
292	1171	858.3903576636338	5871332.0	139530.8	-0.6824829094384279	1.6827982981600142	-0.6255068938359248	1.750959313122637
293	1172	859.3740890791385	19831606.0	165702.7	-0.40682616749184597	2.6292519072837197	-0.7927398160830508	1.117064601391959
294	1174	859.4163123614057	10316241.0	153644.77	-1.3336865854438917	2.574882497703508	-0.8009496578338525	1.446080780085953
295	1181	860.27682205205	5947700.0	147558.23	1.183825804033591	0.22919706047812682	0.7616947934002992	0.8206404863076908
296	1183	861.1185768634566	15361687.0	153283.62	-1.6309930630169527	3.262344047488072	-0.9669808141629312	2.7028590181251486
297	1187	861.4334121355548	10666690.0	167878.7	-0.6781837019920985	2.247610794916577	-0.5225334220593888	1.7353708834459642
298	1191	861.9784774815879	6927038.5	141288.42	-0.11262080866856325	1.4047885077536852	-0.09762286950375988	1.2295504113533742
299	1206	865.7331494275392	13321575.0	152591.33	-0.5895342214757376	2.455939719539362	-0.5918079070221121	1.8250551241803399
300	1214	868.0733348224452	6462035.5	185740.69	-2.062425890996395	2.673013830527144	-0.831738191837171	1.735888329116634
301	1218	869.075301453429	13161876.0	168505.19	-2.120534857860688	3.4954258979404864	-0.9481771997677729	4.603267410850199
302	1226	870.9841372370477	37009268.0	162818.47	-0.9567162433613743	3.6653076594032044	-0.9786330702787207	1.819727813498712
303	1235	873.6721690767515	65840852.0	153833.81	-1.5587357054506468	4.699441514994981	-0.9983304295380622	3.7153887785380566
304	1236	873.782805815013	5123115.0	156785.0	-2.5487534452131335	2.761125610126933	-0.8809853310751955	3.086630497281226
305	1239	873.8723295217034	5745139.5	156613.23	-0.5067702108637512	1.4475285718867195	-0.2321436609237791	1.8873767451364052
306	1241	874.3848139510753	8280660.0	155727.66	-0.769518244776176	2.0642937695716452	-0.8588057306982306	1.5574294678033043
307	1244	874.8814865764424	5208827.0	158217.0	-2.086829778935555	2.3936657058130892	-0.8124951680550971	2.1380642186934167
308	1250	876.2998489873521	6896530.0	143306.06	-1.5645680193622489	2.456503354250275	-0.8996715072364824	2.8054522620425537
309	1251	876.4005921086512	14803898.0	155027.97	-0.448364738430248	2.403895814489367	-0.7766056915250245	1.5582377047468545
310	1255	877.2726256435698	6733780.0	130802.86	1.4360333368693057	0.250346534972534	0.7846942433855982	0.7080669399761376
311	1256	877.3846349434194	37022668.0	160093.47	-0.7331965075075092	3.5183826902642386	-0.9806585888016354	1.697614448763073
312	1257	877.4206798592204	5384633.5	159596.53	-0.9234173658078373	1.7109367399295021	-0.8104199346116572	1.5695804163835945
313	1267	879.78588079619	79332540.0	156556.06	-0.6283053637409959	4.217136354107352	-0.9963960868170502	1.7555081909983756
314	1272	880.479551628514	267767900.0	157134.62	-1.3402087124016089	5.926399289105946	-0.9990042145467244	2.8260606661280656
315	1273	880.6807932324261	21932660.0	145468.83	-1.9506934556961788	3.844147364428636	-0.9843798148485912	4.4168348814217655
316	1274	880.880450876741	14923576.0	157492.62	-1.122412136074577	2.882208093894196	-0.9684656399254594	1.8385012116479638
317	1277	882.1262030255796	7108772.5	169988.44	-0.9815872184706266	2.040897299925887	-0.7471841275210804	1.437011173622581
318	1279	882.486390510551	156851680.0	157036.12	-0.7445782270515081	4.973792371052776	-0.9943750197975847	1.7776574899790738
319	1287	883.4830419222753	12134623.0	170846.81	-1.0589009132036722	2.657671326009484	-0.8153553088902912	2.102798513385695
320	1292	884.6727905465073	12409940.0	160308.03	-2.0652093178694257	3.341714844064357	-0.9704208471633496	2.7360505873629783
321	1294	885.2946421301579	17696584.0	155276.16	-1.1164432434031533	3.0549642696898744	-0.9425793759667409	2.868028002273658
322	1296	886.7856134792908	6270205.5	158751.66	-0.74609261537701	1.7524920835750126	-0.4644505184161949	0.9790176678847338
323	1299	887.2496698293451	13526215.0	150047.31	-1.0364872080786083	2.7215520334086474	-0.729051209831212	2.792463766602861
324	1301	887.4521257676145	5317651.0	173141.92	-1.5913837987760757	2.195390484868892	-0.8961063456087611	1.8954266903272805
325	1303	887.8864464338252	8287163.0	148823.12	-1.095716904904117	2.212533144468068	-0.6514889430746874	2.1815253238549936
326	1306	888.2959858451741	42170016.0	156908.03	-1.7067894852464796	4.362071120680045	-0.9881381272958498	3.5369194502390022
327	1320	890.8052885331421	9727742.0	172643.38	-1.5798683496267092	2.791732948289539	-0.9376736913519237	2.1570454243662622
328	1326	893.4855150500164	72237100.0	154310.47	-1.4377915239686667	4.697838624294151	-0.9960738489831846	3.177806832041387
329	1327	893.5512088183401	33846740.0	159058.55	-0.8319816292589156	3.47724363566938	-0.9724072523354698	1.6174068858104211
330	1331	893.9654480660026	5188747.5	118197.125	-1.021870557728504	1.7302834736269763	-0.5795442797330959	1.5461936034910548
331	1333	894.2905619449905	6423908.0	123050.46	-0.3786691852786324	1.4764349332828688	-0.25472134231500704	0.9978638067350859
332	1354	898.6373861928882	5080232.5	70656.86	-0.75831893101438	1.3297027327964737	-0.22860567349827451	1.3796622512804089
333	1359	899.8895475755488	19244938.0	153558.97	-2.2359591269940933	3.910861385822416	-0.9912295815282278	3.701797252741373
334	1364	900.3749640523245	12403144.0	153375.8	-0.590280596073078	2.340125090730516	-0.9065408479737875	1.6670276651552383
335	1368	900.9897293362233	13852493.0	144661.08	-0.9687690265491624	2.7301351671415737	-0.8493884854059693	2.782517897630783
336	1371	901.4205503826531	5006309.0	139251.56	0.7090599962731278	0.43273066363312956	0.36954174100879056	1.0625331775298124
337	1379	903.0962330791667	46489268.0	151566.38	-1.882973590139924	4.555915867085908	-0.999406327153245	4.381471729464715
338	1386	903.6929501250434	10997776.0	147264.88	-1.2426167606550924	2.71693212865892	-0.8325408142264807	1.7026199856739892
339	1398	905.4631006747125	12738003.0	157386.72	-0.4581849931174692	2.237145595471011	-0.7804157629972904	1.4207969754651142
340	1402	906.4470146621436	9761490.0	130362.31	0.6413184120840745	1.1296942158189784	0.2651636941522638	0.9677380774072967
341	1409	907.1431579287878	6428211.5	179695.84	-3.000588726018516	3.2801763972304308	-0.9635602510726872	2.503998943616353
342	1411	907.2894965349712	35934816.0	151808.97	-1.3589475812851741	3.909482349208272	-0.9501696748014855	2.6960268824444196
343	1414	907.7554894220789	13614049.0	149514.12	-0.6260929783706755	2.4585117218506913	-0.9759096047825889	1.9143729906102227
344	1428	910.4322622054303	11189644.0	156214.98	-1.1872826496161877	2.601663338226746	-0.9178259860184312	1.4584367153671516
345	1429	910.4772271005629	6043753.5	145730.0	-2.1310841819534847	2.7600617026039003	-0.8839247654910432	4.625991973842595
346	1432	910.9733342507628	8378357.5	143059.36	-0.7107534462442812	2.0626649334771967	-0.8083387559918515	2.0701103091442117
347	1434	911.1373732794932	5083346.0	165287.3	-1.7900775715110133	2.2163343530297004	-0.8195633424924826	1.8033020763517185
348	1438	911.5124521748598	5392430.5	144769.14	-0.7604694750999038	1.7297606388049984	-0.5683257238288444	1.0653761035238984
349	1440	912.2487342002294	5203741.5	152288.45	-1.4884803386407202	2.2518412473760483	-0.8994967060488309	2.2465823212796243
350	1441	912.3011889197326	6081218.5	153603.03	-0.768648746683703	1.756212927527756	-0.6545156972289017	1.4308021535818884
351	1453	913.9748459664302	6970373.5	134478.2	-2.0083345637125203	2.7446047445657604	-0.9121408495307742	2.8030884151848596
352	1461	914.5726847439757	8945116.0	145650.55	-1.5755553784598684	2.7050975858058472	-0.9644114939054461	2.2441167475966615
353	1483	917.9000434111888	28076176.0	154889.03	-1.9272393939900272	4.052895538450668	-0.9910144232617554	2.4488383548258286
354	1484	918.0045743135228	156748720.0	154877.9	-0.6156184695673362	4.873805640651665	-0.999436795257998	1.6667601071656304
355	1485	918.3893827223992	10986116.0	131762.31	0.1592956761551609	1.7145091163710204	0.3604566367438527	1.2312321587621837
356	1486	918.4582076098136	10759946.0	160016.4	-0.9105033110095412	2.378829890802542	-0.8954157745098112	1.430754820029651
357	1494	919.4311585800348	20483552.0	151814.03	-0.5822453348211688	2.8294264487891314	-0.9229612589787156	1.8768571085501307
358	1496	919.7037421542634	6815691.5	162859.95	-0.8647924219956604	1.8925991454185525	-0.6673986171538154	1.4471082722257491
359	1504	920.499251478198	31820500.0	151744.17	-1.7221496711123119	4.065672376475564	-0.998302827828847	2.6256409711214146
360	1505	920.5178345061973	18129320.0	151332.0	-1.19408097133833	3.1493207171279782	-0.868848474721726	2.8222411396253406
361	1513	922.4959318832174	5503775.0	106599.06	-0.6880522773937267	2.011698388673956	-0.2809733526530222	1.939814668438053
362	1514	922.5060815114037	8430851.0	125472.02	-0.5910361155506219	1.8137164349715413	-0.17784927328868155	2.1282956138328624
363	1517	923.0927457755532	5469839.0	81525.79	-0.8196913205307735	1.6547743167445743	-0.3163949785765055	1.5059157693229286
364	1520	924.3960758291289	14236207.0	155664.44	-0.9664597755454665	2.72103298440636	-0.9536935806748131	1.69292297329353
365	1529	925.7023066291106	7787078.5	162670.28	-1.443505904017101	2.4780842071770195	-0.7067835150931896	1.6660136603165097
366	1530	925.814205905084	22426384.0	153780.75	-0.9612023442194079	3.18648617603242	-0.9416988381401004	2.0272694012657153
367	1531	925.8988490819554	13619449.0	144029.77	-1.4337660280649112	3.0478572247003393	-0.8701027213099746	3.587157017644491
368	1532	925.9808590005304	10899753.0	139147.89	-2.5159600914773854	3.507081218994373	-0.9450300766868732	3.4335984935631156
369	1533	926.0976119977989	244240020.0	152841.9	-1.6566721893493839	6.066476946683785	-0.9994456281684211	3.493858902527763
370	1536	926.1440130017095	6201133.5	170467.58	-2.1565379898636023	2.7744758314766607	-0.7752541105647596	2.440031453863395
371	1539	926.2989495162124	34189030.0	157741.62	-2.2847446831039377	4.496021077546492	-0.9981333764223342	3.3712342132704443
372	1541	926.3902280531081	5242188.5	144068.14	-1.126721983578661	1.8721060781457173	-0.6464941445677105	1.4246917077254257
373	1543	926.498883838656	6570891.0	111489.2	-3.5959207139949334	3.754004579502519	-0.9244570612704684	3.908586708735728
374	1548	927.1030341459339	33089098.0	147506.67	-1.9377296412204377	4.24975432606125	-0.9913554577000043	4.582359047652711
375	1550	927.4924584180301	5558396.5	122878.08	-1.1069574484311324	1.9521124097150193	-0.47572015352793046	1.4854789557456383
376	1552	928.4423735057011	43541956.0	151494.5	-0.7264476487012237	3.683870840195647	-0.959307731505988	1.8752648224209687
377	1553	928.6989293088732	5481296.0	140029.9	-0.0483243367822695	1.1133953038972149	-0.060678220188414206	1.0813492888616347
378	1555	928.9010177107834	7145424.0	141154.97	-1.0629450493715529	2.12878048145209	-0.8526475584492267	1.8375658215380386
379	1556	928.9830290775515	60529636.0	151084.84	-2.0509105523601754	4.923476905574894	-0.9947461089651646	3.7823838590513335
380	1557	929.100693075039	12622805.0	116718.664	-1.7272467343722981	3.229553193801129	-0.9320708277220968	3.3464333448537222
381	1561	929.3037164264654	873286000.0	151482.17	-1.5350105014156112	7.2475696915788435	-0.9991116882184503	3.4605628375662394
382	1562	929.313558843877	10135249.0	148025.6	-1.745287707123041	7.413186858754466	-0.9869088309128602	3.4620344743249523
383	1564	929.4264498131263	5841958.0	137767.83	-1.043373214417803	1.8538740062742831	-0.5959828327291963	2.098689156150878
384	1565	929.5046589602148	58632500.0	148923.95	-1.7936257150054766	4.70419490599663	-0.9859795404482573	3.639969023134738
385	1566	929.7046896215757	46412150.0	152519.33	-1.8841517619232682	4.553511979989775	-0.9970970611653203	3.277411401278379
386	1568	930.4100089693462	11083747.0	141971.52	-0.7809226779907138	2.3525279178348986	-0.8454059332948529	2.0221169052146872
387	1575	932.9417106004	9328437.0	155392.56	-1.0237793506915212	2.362418178800179	-0.909147059425105	1.724095899031023
388	1584	935.8080647504331	6569112.0	140642.3	-0.7455718445403932	1.7497045821871946	-0.5200280159140467	0.9375184715233088
389	1585	936.136015147679	27469170.0	154765.83	-0.8061695387315946	3.2807259581388157	-0.9562234534093885	1.9437682765692381
390	1589	936.9943704962593	6335988.5	148458.88	-0.6686067343103771	1.724125724609103	-0.6906754244660797	1.4180964881955243
391	1593	937.6536538937589	9860976.0	146827.62	-2.908599779676455	3.6560704547376917	-0.9755764940332508	4.277748576761155
392	1597	939.9104374452378	7019563.5	116153.18	0.7734702350522796	0.7866705573932677	0.5336262931984563	0.8948552104084828
393	1600	941.8114124529388	163984960.0	154697.27	-1.0588140985716037	5.234999235287149	-0.9990179817505391	2.202607611124181
394	1607	943.1148368019926	11625630.0	142576.36	-0.8722131260840992	2.4747853132311444	-0.6765446201724874	1.846955732839398
395	1609	943.891719872996	5452540.0	134952.78	0.41695961991877384	0.7333679132351709	0.2662029337388478	1.195539122292364
396	1611	944.2719410630353	15534969.0	155753.02	-1.2056802001084153	3.0069086387019963	-0.9835044229290323	2.133955019519275
397	1613	944.4010777382758	6248825.0	137085.03	-0.2045401355826167	1.3670186535864226	-0.19041484292417102	1.166233539072268
398	1615	944.5172368148717	8032232.5	118695.07	-0.8833517990360503	2.1235400646491556	-0.5372505267811619	3.014389374287425
399	1622	945.4572347413139	7943774.5	143183.34	-0.6114364470397162	1.8389115548043495	-0.433164584677761	2.0070789332060714
400	1623	945.5076184143009	9435706.0	156620.05	-1.480999182752197	2.744791076111959	-0.8322884501624798	3.607605724092314
401	1628	946.4527219814188	53976230.0	152920.78	-0.5943848599888398	3.789211662461442	-0.981576698640963	1.6137345975197455
402	1631	946.9158848143097	8007594.0	143927.9	-1.0157265031049982	2.170197269906495	-0.8537756719724039	1.492600482595084
403	1633	947.1465497950576	7193462.5	164864.61	-1.7260533125713053	3.287095007610585	-0.768547832186569	1.9875689179428828
404	1634	947.1570273057206	15338183.0	163703.0	-1.5860304305575532	3.163389984489676	-0.717517082329596	1.9154266068520405
405	1638	947.4366542652041	21994862.0	153278.8	-0.7774641958416623	3.0394897376065257	-0.9869807588151788	1.778797629465762
406	1644	948.0196878689537	10354106.0	138817.84	-0.4874378275809322	2.073992101275867	-0.6546455761785739	1.7374889009813221
407	1647	948.4206085118052	27505276.0	154559.55	-0.5991644006856891	3.12144741083778	-0.9711571189467946	1.4212804891724296
408	1649	948.7142001241458	89627910.0	155298.69	-1.7294628763338222	5.103174358247094	-0.9977940195139678	3.3726092901074955
409	1650	948.9154645814278	9903282.0	159140.83	-1.4295282859435006	2.7443397657286868	-0.9380046851711412	2.7135211780404216
410	1651	949.115083813869	5636236.5	120123.4	-3.18371755493095	3.231649591739957	-0.9374646165184802	4.291801579949489
411	1656	950.1079538549984	11802391.0	150082.0	-0.9398800748396012	2.544648137744418	-0.8560527393008965	2.7069659803972446
412	1674	953.5225491272558	311420580.0	151589.95	-0.7428282056719606	5.648505125965457	-0.9983595433452964	1.7469978761164267
413	1694	957.3220402668298	8586103.0	122342.73	-0.18611300390945762	1.696520311933236	-0.2217947828643939	2.2376803006630177
414	1695	957.3613230640606	5017962.0	132962.84	-0.11742783851881919	1.067610166835519	-0.1728111291565682	1.0327896930469793
415	1698	958.0985296650133	7589864.0	154901.48	-2.1712641348731525	2.8957635127500296	-0.8931423862737135	2.2328957737318436
416	1705	959.4869760529987	7393777.5	128001.99	-0.8974961454167291	2.109717919381891	-0.8976984489073357	1.7054358293915373
417	1707	959.7151402805474	127949660.0	150457.33	-1.5819471692916152	5.357747453034461	-0.9970743945919277	3.0483406261251034
418	1708	959.9157283610949	10766990.0	136559.28	-1.7998780634044391	3.0119994339438136	-0.866489596184717	1.7980304004717547
419	1709	960.1156471905804	5507003.0	147902.7	-2.243634528272601	2.7798925252067797	-0.9577217516178362	2.1559080183588137
420	1716	961.2787452435898	6872198.5	138647.25	-0.21498981768854128	1.5289141795179688	-0.16370834342983617	1.5382615101872836
421	1722	962.019943106093	31825354.0	150350.84	-1.3935352661781941	3.8586001372105923	-0.983493932154101	3.2180741372956216
422	1733	963.467979813029	11498012.0	142543.16	-0.9349636993026591	2.5105607226919977	-0.9279347923881308	1.5819930834887421
423	1735	963.5080219927883	7425144.5	155224.4	-0.04871872365508109	1.4549841202120786	-0.03924908345151778	1.135100272721092
424	1743	965.3208536576328	5320663.5	160097.4	-1.6955925242255474	2.348201699792483	-0.6450223436474961	2.220124303453834
425	1744	965.4903175129732	40938384.0	150195.77	-0.9474098844987429	3.793541329699722	-0.9885419512851618	2.071877820134571
426	1747	965.7791605585394	26122178.0	150232.25	-1.3052749340153467	3.5997218380905336	-0.9865667282787502	2.283940399312109
427	1755	966.5006501907918	10691914.0	140367.31	-1.8956782239842818	3.1684817086273873	-0.9612751403131466	5.548675820719771
428	1763	968.4595062071414	9006202.0	151481.14	-0.6952604999300618	2.079873709406498	-0.88712837636056	1.6142891057886526
429	1764	968.6668689949558	5545750.5	137610.58	-1.6438333750397343	2.261711580222319	-0.9116927286487012	2.8210557272559753
430	1771	969.3231526244551	71822424.0	153173.25	-1.2496347836028239	4.561041455797671	-0.9922340394900074	2.657949031108399
431	1772	969.5247461128131	5097309.0	145271.2	-2.5815987505285176	2.8254410297332453	-0.8978759900683333	2.5243010751371924
432	1777	971.3197726568303	6083020.5	148875.1	-2.577920896078849	2.8579955053041948	-0.9021342531000445	2.7280618007057513
433	1778	971.5164995610116	7196490.5	139556.17	-1.3129644148330322	2.3528782616939488	-0.7008319930078412	2.8649262242070295
434	1781	971.9164881462784	11055467.0	123705.8	-3.6835710952540524	4.171866451302329	-0.9579741298892295	7.213834630095399
435	1786	972.456863464148	5674508.5	129496.66	-0.6183240646665478	1.6009347680924684	-0.5345766611293572	1.6328612314762516
436	1793	973.0283889358956	10175517.0	125993.36	-1.7921411618483447	3.038831182838462	-0.9513427754758172	3.978875962637557
437	1801	974.721033061822	7014432.5	187660.17	-3.571369526368262	3.640997647064289	-0.9684421012722736	2.0109476702271434
438	1804	974.9216749504927	875044600.0	149680.42	-1.6005012246462065	7.300376517165577	-0.9995737799569923	3.3720130910279162
439	1805	975.1225376577127	61229868.0	150419.89	-1.7229950701729937	4.73281654580766	-0.9969394759847108	3.581349338798852
440	1807	975.3214513417439	52658508.0	147283.98	-2.190750682525679	4.895916689727976	-0.9992897964760347	5.096120541294669
441	1808	975.5026125367394	9297865.0	160954.56	-1.3933573406835074	2.6174005301462753	-0.9452750112244399	3.0122043884086827
442	1809	975.5243672585668	5275045.5	150842.1	-3.1510182069818256	3.04227029925113	-0.8643527405703546	3.1931231988986437
443	1820	978.3400167036046	6844655.5	165083.72	-2.2148277690190703	2.802625306564103	-0.988089549478284	1.649048092556288
444	1825	979.5281535294765	44328204.0	150987.78	-1.5638987363503518	4.2819081510120505	-0.9990319776726213	2.7815820650755856
445	1833	982.3313459121547	28594818.0	157019.47	-1.485667359662251	3.76932417490774	-0.9978527520155832	2.00230592658278
446	1849	986.2941552840152	10941353.0	131896.14	-1.2957969795303144	2.610045470892439	-0.6665967232494965	1.9339625700253666
447	1850	986.4467409141798	5454215.5	133331.75	-1.1404872982599694	1.739107090339584	-0.4906861510884927	0.9468573322974092
448	1858	987.8436172141057	10589444.0	143009.89	-0.6971117735938871	2.238821220798538	-0.6451542780769226	2.1548677828802014
449	1864	989.4252315391868	11846243.0	158058.67	-0.6864451772420328	2.376023962693852	-0.684339650908821	1.5258763611209343
450	1868	990.466763799121	25348006.0	149212.28	-0.7147498048418089	3.1311066779233507	-0.9425474726506937	1.7496826148657822
451	1869	990.7108730076802	8799057.0	151844.84	-1.3399300727158707	2.5169820693766036	-0.8852058799609568	1.954450064067695
452	1875	992.6176382969065	6942480.5	137136.98	-0.8576968658566674	1.7663198543880287	-0.48468409167623633	1.003343302221255
453	1881	994.2806531398776	5600297.5	143601.31	-1.385660580232747	2.115713765477327	-0.9494730245508122	1.316672258408746
454	1882	994.3316811299385	8220916.5	135584.25	-2.953153226189675	3.5190890403242143	-0.984228416148719	3.054883328897441
455	1885	995.4319211710433	10953098.0	150372.86	-1.0359973749496132	2.5223958992793305	-0.9471614029938936	1.6971272312258057
456	1897	998.0442134882206	5324806.5	151432.61	-1.5124722480441797	2.2158669710852212	-0.8518089214958021	2.486069868767875
457	1902	999.5458694149278	8103464.5	133004.19	0.13654415820560048	1.4323638571079382	0.10581309437382712	1.0364365015545591
458	1910	1001.0402985061535	31651238.0	151013.19	-0.9516455866617262	3.5128131552179047	-0.9838156122858961	2.0113700933795067
459	1917	1002.0480455532934	8842052.0	125985.984	-0.18844706302258846	1.70869982377775	-0.30107572724456944	1.2873075682251884
460	1920	1002.1726128812522	50747670.0	150060.88	-1.2850003814325441	4.218930084342206	-0.9904766462386909	2.5758842369341832
461	1921	1002.5003875956784	21913308.0	151332.55	-1.1340899387982977	3.2424619381195443	-0.9005528829452232	1.8730201693351924
462	1923	1002.5337921470542	43153470.0	152171.62	-1.7063947582542158	4.335458869808647	-0.9842299799664537	2.4944320690452435
463	1924	1002.7354799598914	6542037.0	141326.44	-0.10482142084905846	1.3578599329715988	-0.14162132044534667	1.3506937866512272
464	1925	1002.8398385422738	5475379.5	92725.93	0.5519250169908186	0.6907301802434336	0.22915522442461295	1.546527591194805
465	1926	1002.940772973247	7692571.0	124820.51	-3.4589047855013937	3.792665633340721	-0.9859404851852327	6.905539332923142
466	1927	1003.0560829720307	139706960.0	147338.66	-0.7748454125692549	4.879555466289239	-0.9929473725820794	1.8533507758423828
467	1932	1003.5588290429417	5373804.5	116068.3	-0.8214801225065672	1.6403262313487956	-0.5898939522231936	1.6425057346305456
468	1937	1005.0427798408698	13070046.0	143578.8	-1.5733830693374866	3.0884606985817347	-0.9803935214221714	2.930102196987221
469	1938	1005.4408954875486	8925293.0	142623.78	-0.8617488066947517	2.224927296399694	-0.9438531578552716	2.492674717385426
470	1940	1005.5360120079423	6448237.0	149757.16	-1.0121569905382626	1.952411209692429	-0.5468069957109727	1.3222501824066446
471	1943	1006.5442625084888	57607532.0	145727.45	-1.3936248271180225	4.436219370490893	-0.9954884127528328	2.963960304828738
472	1949	1008.1759954914736	31664478.0	147043.61	-1.1480771856901313	3.6479523202744	-0.9662638708052127	2.198334601307104
473	1951	1008.3383261792319	7564845.0	133110.14	-0.16392975953180494	1.6020461671690032	-0.1546276545606351	1.187736973973862
474	1952	1008.5392967226594	407000100.0	146158.08	-1.4605289678559226	6.444906914122687	-0.9995744061611435	3.195813952423942
475	1954	1008.7399375788386	33532664.0	143024.3	-2.282546580093114	4.473086219213809	-0.9922518423196733	4.341598587896132
476	1955	1008.9391506908117	20517308.0	135915.67	-3.290413260389278	4.638882639316153	-0.9976678663387946	6.161237446680116
477	1960	1009.9225269373758	5658958.0	99547.81	-3.8318481706480747	3.555888564776252	-0.9176652553140665	2.535056744034941
478	1973	1013.3273268164055	13786580.0	123714.836	-1.826588320092842	3.252266346815432	-0.8943880285548981	4.430994335804334
479	1974	1013.4942353616881	6020127.5	150523.42	-0.6777539620830142	1.7284485552050708	-0.5005718125182899	1.312366496551985
480	1984	1015.8032094525008	8220062.0	155366.8	-0.8592234698364207	2.0468090504759875	-0.7901230150534266	1.0854392640012398
481	1985	1016.3377197305077	9090228.0	154082.95	-0.5639637293543506	2.0019802891790586	-0.7080849909736081	1.7034590915256889
482	1995	1018.4155530915093	6582768.0	130976.69	-0.537153442707439	1.7012342444151707	-0.6495054476961837	1.508623607600959
483	1997	1018.4981797210727	5515220.5	147362.89	-1.2417798014887487	2.004331578400291	-0.9583994111064286	2.8275872715977504
484	2003	1019.9400545894152	8105156.5	150550.81	-1.0168294808337155	2.2308182765257025	-0.9274370539041809	2.221039086942591
485	2006	1020.1762141686825	10065119.0	154382.88	-0.9246373624094836	2.3460534284155417	-0.8252658848819976	1.92835607004092
486	2016	1022.7534205860161	12028441.0	139340.78	-1.6373768830731692	3.040231490368299	-0.9754979362879717	4.0976590236027555
487	2017	1022.8016987924375	34097810.0	147700.69	-1.2541941765277742	3.8009557852717917	-0.9954054908550612	2.1645816923942256
488	2021	1023.5144178566302	5305567.0	139150.95	-0.32250117422358376	1.4076217028855966	-0.4597181311564017	1.3789144006252037
489	2028	1025.1513680247076	11786997.0	155074.88	-1.2519458797234275	2.7577104229848306	-0.8959438749840484	1.308454632059304
490	2033	1026.1789391313148	6018299.0	147361.16	-0.6871661995083659	1.7054578257906523	-0.5639117170063881	1.2224881289924439
491	2037	1026.529662768723	5317306.0	126647.78	0.05590845974906614	1.0526416069200428	0.03617438583206626	0.749178359954385
492	2042	1027.9487547810536	5788139.0	85792.32	0.972351690062537	0.4236625449679591	0.494397911070554	1.8421976832169156
493	2044	1028.352641001291	130026380.0	143879.28	-1.6882339132368929	5.466340666832132	-0.9994061334169325	3.9046173260339727
494	2045	1028.5537906939812	12616769.0	138167.89	-1.1780024215581313	2.6838141537515305	-0.8260323895741997	1.6482642930358287
495	2046	1028.7529894151019	6792561.0	143465.83	-1.5785980474416241	2.446585779185901	-0.7654034878122629	2.35275541930618
496	2047	1029.4155052478507	6434249.5	149038.23	-0.6173736360832669	1.7027266616905357	-0.6880622377851664	1.5550335224870215
497	2056	1031.4955369995887	6596238.5	136199.34	-1.351274377978668	2.298299280751266	-0.923969767601399	2.691752940808022
498	2057	1031.8547382803963	16849072.0	139888.12	-1.2196372679653373	3.080699672937795	-0.923452550183363	2.3149576455448746
499	2060	1033.1410221182896	19493492.0	131632.75	-0.920616993735571	3.0478928612390206	-0.9242401807115149	2.8742116931430544
500	2061	1033.4109156058116	6057814.5	138902.7	0.016632721741102446	1.1849864162440482	0.012011967190198956	1.3368884367865108
501	2065	1034.5039373171267	9719306.0	145928.16	-1.0414803437032063	2.4322805899020508	-0.5876027755070942	2.0165866521659406
502	2068	1034.8151729478827	49167748.0	140561.36	-1.1298188381893193	4.093393866916381	-0.9823901400068272	2.454968519390195
503	2069	1035.4876153448504	6265883.0	141163.34	-1.2098656034124984	2.110157871597474	-0.9784521039950551	1.7794183456712376
504	2073	1036.5060794179726	10058030.0	148356.5	-1.111677832360179	2.494924869519102	-0.9262160656084356	1.7466347177409147
505	2082	1039.8168354965565	5646241.5	146799.67	-1.6023892694029709	2.243353540474587	-0.8617853005221763	1.8039713026716049
506	2085	1040.3031398602805	6204381.5	152788.62	-1.818093988310367	2.415236515212338	-0.8622750033559665	1.8585032640367656
507	2087	1041.5249001608927	10883136.0	143759.67	-1.2106823322954912	2.5940797440599903	-0.9451803584588229	1.8801715423220133
508	2088	1041.5688535617703	13350551.0	146572.69	-1.174097091133379	2.801631724083002	-0.9583440099418714	1.5784465474988936
509	2091	1042.7477528168984	5701853.0	155360.08	-1.8520917080202706	2.4627721029608	-0.914673633207283	2.7313655593075303
510	2093	1042.9986455054059	5840567.5	139918.64	-1.6866255622188384	2.365332548625562	-0.8406491515899954	2.1597554592748094
511	2094	1043.4677291430085	10939561.0	148244.36	-0.5649432518198845	2.1872128571237415	-0.7134410041465141	1.4632431580468839
512	2105	1047.065536388453	9225641.0	113202.38	-1.140175546388155	2.449215733571973	-0.7549601298155216	1.859747340498615
513	2118	1050.5738786128936	54116390.0	144752.69	-0.7107245370941334	3.8692604943219475	-0.9823628507211583	1.7042917649653773
514	2121	1051.3577762691414	116049336.0	146167.81	-1.3422735700523776	5.093836613550598	-0.997406221438998	2.657945076971669
515	2122	1051.557282433686	7525240.5	132773.9	-2.3023564819163895	3.0170995943533048	-0.9663459650385294	2.28146200966719
516	2124	1051.758937766258	7567179.5	138396.69	-2.4513385933081713	3.1555477013623157	-0.9861299996720677	3.509587352157872
517	2126	1052.4528431844456	7796749.0	148883.97	-0.6563232415833514	1.9237799424969326	-0.8241723512053191	1.3527748313284935
518	2140	1055.5336034347201	12481904.0	143985.84	-0.8296829731162931	2.5172544833372417	-0.8878622305786771	1.4150677700920251
519	2143	1056.5682058762677	20872860.0	150125.83	-1.4687654316406904	3.5155409941007827	-0.9370913032614567	2.8917126582265005
520	2152	1058.4668618515402	11026078.0	140131.86	-0.7687641313541149	2.3503164337033735	-0.9059512112244544	2.397015564812303
521	2153	1058.5541416126505	6626175.0	109056.195	-0.6954970510756329	1.7479080288598878	-0.25124244507723964	1.7944903194671322
522	2155	1059.0776077427952	5984267.5	133303.56	-0.9963451181313284	1.9318115122803112	-0.6960836450298754	1.4951918549893504
523	2156	1059.3102450849087	10366458.0	125714.03	-0.3997853201711643	2.026152490104918	-0.33624257598943247	1.7894952021227515
524	2157	1059.5350628731217	49657970.0	147458.86	-0.8034275470161709	3.857079079862073	-0.963709502106501	1.7884546880568726
525	2158	1059.581900192194	27447472.0	140975.92	-1.4680395082558386	3.727832820657893	-0.9575303895277549	2.366955509765672
526	2160	1060.1851094835993	11861371.0	153856.08	-1.8791090071562566	3.1713007591985356	-0.9907070759651104	2.097584466131203
527	2161	1060.4612117386864	5656359.0	122908.49	-1.2491568114093285	1.997017159324586	-0.7343180885121869	1.596701106744565
528	2168	1061.5034648694098	14238811.0	139267.42	-0.6223301491254783	2.4709498279616215	-0.7908541185436808	1.854763622161819
529	2172	1062.151335447556	16415350.0	147929.12	-1.578455872579127	3.3240234662793595	-0.9686870319459283	3.3659574074220715
530	2174	1062.3475045657665	21810956.0	127770.08	-0.8790500704497657	3.122353279647311	-0.864877746976294	2.6587184987477164
531	2177	1063.5667823226486	104802160.0	143258.52	-1.1810527358451464	4.866141171580224	-0.9887180899650209	2.3652719380685094
532	2178	1063.8184613900164	6430249.0	136976.42	-1.956997091998611	2.5851793807775723	-0.8956344769595341	2.0601365265521094
533	2180	1064.0427292927898	8260390.0	147254.66	-2.8729147131085364	3.4813381586176853	-0.9261513285807542	4.024576684609069
534	2184	1064.8239363317118	17495342.0	134056.66	-0.8414357343393192	2.8608496128504552	-0.76517803044837	1.8345441116342933
535	2187	1065.1620508607148	21250094.0	137733.73	-0.6273264930809469	2.9143640802876445	-0.9424431159013558	2.049427627513508
536	2188	1065.7531891309918	61093324.0	149579.17	-1.2853865326904934	4.416593862116885	-0.9890171054295029	2.3697146509306877
537	2200	1068.7637537913752	18418480.0	141901.6	-1.9126184921920184	3.6189842299492243	-0.9640343607623918	3.2205978567648628
538	2206	1070.550986347895	6781458.5	145182.42	-0.950083198980142	1.986943142916339	-0.6247030308231863	1.3310649171428648
539	2218	1076.4775306045897	33064782.0	148757.02	-0.7733998031686423	3.416848467853669	-0.9592081960016607	1.7569467221820383
540	2225	1079.649160531554	51608908.0	141896.84	-0.6701721899777524	3.799499081440989	-0.9944967343529449	1.7561851951785863
541	2227	1080.553310712699	6750212.5	156122.61	-0.9844958259489748	1.92589777959226	-0.6618542894461179	1.1864165345861464
542	2240	1084.5867305049837	63837936.0	145226.11	-0.8205827839217635	4.12832209245284	-0.9919504491383362	1.9574166799500163
543	2241	1084.8393185312493	11767688.0	130708.05	-2.096613919260833	3.360613480126678	-0.9680299532771377	3.777865156406511
544	2244	1085.0891800817813	5377489.5	128133.555	-0.13956640832976488	1.1866541471544987	-0.0738529098319191	1.1564088196013258
545	2252	1087.508464024862	7025528.0	136049.31	-0.736371417831444	1.9129595201373581	-0.7824422828474243	1.4951370138630042
546	2253	1087.9699697535916	6553720.5	127380.71	-0.8632285937994478	1.9458806769969454	-0.9391867012463871	1.585716337030606
547	2254	1088.3693115393703	12016978.0	146842.03	-1.8314297250221436	3.165065970805532	-0.9892798796179275	2.444897118893283
548	2261	1089.5342857823525	7460491.5	146014.4	-0.042788282593890385	1.4440289503011454	-0.029360708131156186	1.6920564509057652
549	2262	1089.5903157445832	9805511.0	144449.81	-1.0077060419517978	2.4017150616022267	-0.7729078900774741	2.2858789965775346
550	2268	1091.5719476129962	28988686.0	146199.28	-0.8437006067004292	3.3712483295528064	-0.9309502346335886	2.147491478642623
551	2269	1091.8371343354383	88844020.0	140027.38	-1.1467119121247287	4.679833200637928	-0.9871213940237803	2.4885590851630295
552	2272	1092.0896374606966	6684380.0	155769.86	-1.2511079488215462	2.201614979492304	-0.6311667808627139	1.4522961268234327
553	2282	1093.348126568747	6585975.0	130793.25	-0.21988704231034192	1.5111321380856666	-0.26073831098633854	1.3231286060260332
554	2291	1097.5207072756943	9056872.0	132212.22	-0.42997853151783916	1.8698001460486708	-0.36349255392535423	1.8176221095342353
555	2294	1098.5469418103253	16950058.0	145558.38	-1.5119771412646381	3.2824326553409784	-0.9832289380851454	2.380181391857701
556	2295	1098.5910183696992	7704305.5	144276.89	-1.2947338282040233	2.291022266683268	-0.905005175870996	1.4920813802816566
557	2296	1099.0816465418195	5877266.5	110138.234	0.4381647442525881	0.8791407129581651	0.23837644534280764	1.293006886092336
558	2300	1100.3470882665465	51179120.0	140946.02	-1.118009424027047	4.116171227487901	-0.9806571366393655	2.3397312918735587
559	2302	1100.5973460756873	5165954.5	132973.78	0.10002592876943227	0.9653069310686095	0.04995839540480119	1.8847083194748693
560	2313	1103.5242824566449	24069024.0	139727.56	-0.814300275566766	3.1712898465959696	-0.9837341166652773	1.851367242296735
561	2316	1104.5081558124325	8205866.0	136905.64	-0.30551981222191976	1.7304450744874469	-0.6055453361532063	1.5537310842419028
562	2322	1105.5720477951747	6107159.5	95582.98	-1.8751210947086745	4.310875110903575	-0.8394005695642098	2.405189597261013
563	2323	1105.5889506559474	38110030.0	145384.83	-1.054268638823245	3.8077738254563043	-0.8638835159837919	2.39252143723999
564	2335	1108.0868043791716	13096780.0	142156.44	-0.9089587508540073	2.578372623907073	-0.9246523297046892	1.6620843677993682
565	2338	1109.6054858415462	7676481.0	118497.266	-0.13315641044832138	1.5805319551693948	-0.23493370964060595	1.2685238003200037
566	2340	1110.5344961807327	5225567.5	136270.1	-0.7076166367432142	1.5838057394067837	-0.8127434870508855	2.0638929349671273
567	2342	1110.9758018250614	17806264.0	140320.16	-1.8661742258439475	3.557322215586256	-0.9929000812118712	2.847116926278325
568	2343	1111.171487529169	15086476.0	155523.06	-1.4258848112711315	3.1167538004570723	-0.81791560234903	1.7377173274450854
569	2346	1111.5714989818748	6104450.0	122865.07	0.12970211750011612	1.2463928651340064	0.0860016847125573	2.08306671045338
570	2350	1112.560874354827	8108390.0	147128.06	-0.765206785787726	1.9948323418850598	-0.8823220245830622	1.2110665966822085
571	2352	1114.1747590098032	6845472.5	125531.79	-0.5400680984261695	1.6610419652678265	-0.30531767318184017	1.9240248099489285
572	2356	1114.3764367396875	6979514.5	109969.984	0.9463532857069091	0.6678005733937764	0.6133087694235085	1.101741417590486
573	2358	1114.5772192731847	198139100.0	136609.53	-1.620985112142246	5.831881474841861	-0.997783857009045	3.7802300000408215
574	2359	1114.7774472704682	14801695.0	153691.45	-1.7234785077585626	3.3099849709683227	-0.9344234464170317	2.6960515850745534
575	2360	1114.9762876013092	16305495.0	113439.09	-3.903356600150355	4.680596569151873	-0.9330627149912546	5.415428531588715
576	2365	1116.604331932031	38941900.0	140490.33	-1.121609373856088	3.8583529801684584	-0.9968231658489368	2.606849191998676
577	2374	1118.346202568737	7121795.5	132374.1	-1.3271821699911739	2.3172980605049776	-0.8919069404673626	2.6056115772197477
578	2387	1124.1061932612267	10656643.0	136672.92	-0.5077221991341839	2.1561503531517934	-0.626816503944468	1.813008121572535
579	2389	1124.9827466523204	5425744.0	98468.69	0.21992502733094954	0.9602158995764086	0.11555142745027498	1.2363741019194783
580	2394	1126.860563118661	5555435.5	129914.46	-1.193313439633975	1.905649704299465	-0.8557081779930018	1.5673483513415296
581	2403	1129.5032861820368	6302736.5	124186.44	-0.3046320228277592	1.4960437562127191	-0.5242567151206918	1.6807790599652557
582	2405	1130.3555959548419	12297638.0	123871.97	-2.002493024526848	3.288898231977324	-0.9542510241833629	4.517284826777658
583	2406	1130.5709164736363	24459684.0	135337.06	-0.5429232866942617	2.982220938015135	-0.9431540804308566	1.604364152972954
584	2414	1133.1119055708532	848749500.0	139936.36	-0.8132412419652332	6.709530664006888	-0.9997267011029037	1.8792054150180453
585	2417	1133.5133288285865	5855195.5	131480.56	-0.26643110758657773	1.398732254582655	-0.5202093469493175	1.2235661949782362
586	2418	1133.6151338753793	24033696.0	144145.92	-1.23980720620756	3.467607622774332	-0.9510540055781989	2.654667334064127
587	2419	1133.8594739492748	48234070.0	139173.48	-1.1851298176761045	4.095028383676204	-0.9960310598036981	2.0601370762947235
588	2420	1133.986471248547	7177084.0	129791.984	-0.179252090073105	1.4732412293575035	-0.23034805762524674	1.3481388569480064
589	2422	1134.1147425807987	9308973.0	141897.4	-1.725675591370678	2.8252556654226506	-0.9831140216518174	1.9522031029944256
590	2427	1136.240756856717	7668839.0	129020.15	-0.9205408573737924	2.120661076978075	-0.7988353748490675	1.617100982558878
591	2439	1141.5880546095555	6813504.0	126500.766	-1.5328048256748095	2.4045273514231895	-0.8981670129821228	1.7769593636750312
592	2442	1141.9857172082097	13244844.0	142976.31	-0.8300127903354112	2.5888649940927797	-0.8894501613289374	1.98370183953933
593	2453	1145.3910503090933	30027994.0	133955.88	-1.3259957754225695	3.745562733619249	-0.9642304554869071	2.521208270955285
594	2457	1147.121229528227	12958382.0	136200.4	-0.6689218225039645	2.39484169940043	-0.5972589166989252	1.6217530438740024
595	2458	1147.5134997350247	38792972.0	139929.73	-0.7374609383327057	3.5473095797546446	-0.9676484483366321	1.6693809936635717
596	2468	1151.5852196292706	5787012.0	140090.67	-1.1533788487471142	1.9781438091317263	-0.6929977699136557	1.685377659214791
597	2474	1153.9992798949534	13018487.0	137897.84	-0.7873689863034675	2.5041420296797194	-0.8752170344152036	1.7107087589498833
598	2481	1157.3693604829614	99914856.0	137995.78	-0.963377089498099	4.689888152990084	-0.9966264801214114	2.1325301697885175
599	2484	1157.8711378642247	6711805.0	118489.94	-1.235183945567599	2.235414132432606	-0.8421022702743548	2.8060174642722
600	2486	1158.6264836187872	27724438.0	139038.03	-1.1025002195024356	3.5042635093268286	-0.9867761415808592	2.095248074008084
601	2488	1159.1118126251881	12335703.0	133290.58	-1.1664108386103078	2.781965053593824	-0.879539439255488	2.534518272528288
602	2490	1159.5985357856669	60982990.0	141653.39	-1.3008221509549864	4.415734409352872	-0.9923524567210135	2.374796071055725
603	2491	1159.7993532345754	5085275.5	119285.88	-2.7162533319908233	2.8299276896945393	-0.936405076237272	3.3051876577175343
604	2497	1161.3772089604886	26823650.0	136251.94	-1.55854805805209	3.7517123031533712	-0.9726066623847841	2.6852797828421147
605	2502	1165.251471069902	7365262.0	149961.75	-1.4564702896343145	2.3318855799574396	-0.7762822567827431	1.722835606513853
606	2518	1173.8056284423303	68792420.0	137620.55	-1.1257015121931067	4.419403894132541	-0.994505473864225	2.312835204951481
607	2521	1174.5600077970266	5006282.5	126194.875	-0.1105161660896682	1.1068161413263269	-0.10991509589206498	1.46217876824771
608	2525	1178.7160106159176	19824174.0	132207.06	-0.6495084621602145	2.8242419375806973	-0.8676275088542961	1.4978484834975296
609	2536	1181.619019823755	5511758.5	128843.24	-1.4151401162450135	2.084329771951509	-0.7660579364116138	1.8064402791803211
610	2537	1181.803336210133	5527436.5	128092.016	0.341927740228448	0.8350251159935769	0.2816770023523953	0.8986348774879874
611	2539	1182.1117244595398	5022190.0	120330.42	-0.27578848165823416	1.2928864436922467	-0.25150525415891806	1.6259278153632526
612	2549	1185.2092828672303	43239280.0	126364.125	-1.4118546876505726	4.156231083405857	-0.9672252044186376	3.129103490681324
613	2550	1185.409826310728	5778679.0	122546.24	-1.3690868284199635	2.070739838387783	-0.731992058926852	1.826553467925728
614	2552	1185.6402113063837	7890768.5	126966.56	-1.6417244452158926	2.5595377479914134	-0.912748812794203	2.01375106114919
615	2553	1186.5751650831908	10777418.0	124968.414	-0.6796315254378901	2.268826139009426	-0.8911725161520494	2.0591309255672985
616	2554	1187.1013540850959	6980561.0	133817.7	-0.8866929732861855	1.9674574900447404	-0.7012218656527165	1.8471426035929692
617	2555	1187.383400192508	8562868.0	142824.11	-1.953808457865626	2.9165204277011014	-0.988918536724406	2.893092702846493
618	2561	1189.5596339911335	9445992.0	133266.83	-1.1726752933067492	2.4625599697167937	-0.9755422759627036	2.2613460628950652
619	2564	1190.6246407565209	250558370.0	136972.02	-0.6683210991742151	5.3869129032141565	-0.9974929070211342	1.6713870700589157
620	2567	1191.1264067847176	6776030.0	126379.42	-2.43316710417308	2.9069068995090808	-0.9089699785156735	2.6006533446793902
621	2571	1192.391853912311	7774557.5	103074.69	0.985510613038687	0.6935003270170392	0.5619639723847057	0.9732308863260333
622	2584	1197.3703237320533	7611389.0	130017.305	-2.1870487468094493	2.8395000961406613	-0.8986059494363438	1.7851667389496482
623	2588	1199.3913569260826	43189484.0	133795.1	-1.2275467405416542	4.036077133333345	-0.9897749164510311	2.445842581907723
624	2590	1201.1173318917952	8671339.0	131058.09	-1.6219504873991228	2.7072620471739404	-0.9574807609083262	2.360303741556358
625	2600	1204.6365493292544	6217260.5	116269.78	-0.5498109493066426	1.5739434986943626	-0.5129960576286343	1.382468068975114
626	2609	1209.023588518633	6610308.0	121703.984	-2.370606493396379	2.9316410132939312	-0.9727197247544465	2.9264286444316503
627	2611	1209.3794274800339	6114372.0	124324.664	-0.5317766121973136	1.5596486997221013	-0.3850176801857698	1.727683730638133
628	2617	1212.1500372391133	6834177.0	145023.3	-1.4991311509143062	2.4226484439328106	-0.8751776543706448	2.12688972475509
629	2621	1214.6229715806055	31665670.0	137649.2	-1.3061499275184312	3.7609333426268785	-0.985810821216112	1.9903933807608294
630	2630	1217.5907128697127	5439577.0	128430.28	-0.5267428667518769	1.490248607171302	-0.6562121894104176	1.3684148535212972
631	2632	1218.3995121777732	99469880.0	135248.98	-1.2958258513486431	4.907832169749407	-0.9987798372385889	2.4006198786675252
632	2633	1218.6503676556763	10165008.0	116366.85	-0.35421045446485183	2.039131048062968	-0.6137203328565284	1.9828786578548816
633	2640	1223.591016298933	9201909.0	136558.72	-0.3508145037454075	1.8122268808255428	-0.3161913350439806	1.4518036280334916
634	2641	1224.1579218392046	14984935.0	133026.62	-1.075423277606279	2.898058459798597	-0.9225419341597845	2.69291655589918
635	2649	1226.1428119666753	186430370.0	134123.48	-0.8883600568823911	5.24408764389052	-0.9966553248830184	1.9599027250947272
636	2652	1227.6613919198103	5562983.0	126063.02	-0.9553526046821946	1.8229736984926221	-0.885352360866813	1.5409278483315947
637	2659	1231.2300694476107	12408933.0	133184.39	-1.0629875745251651	2.6674804109389845	-0.9174783559713529	2.456976556950474
638	2670	1234.8323448541837	18338594.0	135282.73	-1.4355896747004055	3.2904498178699875	-0.9771151477296156	1.8722953491322312
639	2672	1235.2322781856556	5557294.0	134610.33	-1.2687386365970592	2.0303053773849102	-0.8057932706147106	1.4374553040950802
640	2676	1236.6351659655493	14878512.0	135826.39	-0.5527404851163354	2.456305322548511	-0.7484221567024991	1.5155637367800368
641	2680	1238.1356836648338	16503167.0	130437.01	-1.11130177053949	3.0229900744479714	-0.9563269484758201	2.7879933795411844
642	2683	1239.5743801445183	7574487.0	123917.92	-0.5517437858719915	1.8618131745361	-0.6241997264275309	2.5122456273108296
643	2688	1241.6018965986132	10380734.0	115955.375	0.04066946811534523	1.7247787498755245	0.023475874200102657	2.559939956910199
644	2690	1242.585819798976	7069587.5	123405.695	-0.5547227532789	1.7761446980516087	-0.5154159192273046	1.4694420828677588
645	2691	1242.6349931780537	5623958.5	155132.86	-1.5459861839661717	2.193364420401356	-0.6880330542315408	1.831188624026233
646	2699	1247.9896123198214	5077190.0	122994.75	-0.0058367663501263465	0.9827540156374917	-0.003902895131925597	1.3501804934158828
647	2708	1252.9143119744524	6856942.5	134084.14	-1.1435983476764955	2.1347702853627744	-0.9259928609218744	2.1904630743607503
648	2717	1257.2869529792479	11666131.0	121510.914	-1.2612499816103093	2.7393340105751327	-0.8897951751066933	2.9492083186924996
649	2718	1257.6465842028692	5217473.5	116038.49	-0.11241914552125434	1.1419270214940944	-0.10063481468798557	1.8684529662278213
650	2719	1257.8661065164129	6027781.5	132883.25	-1.3746195958711385	2.1791463935635687	-0.7098454172636087	2.015469432987992
651	2722	1259.6118543729376	46047580.0	130012.555	-0.6428077673144734	3.6829602077123615	-0.9659613267265698	1.7608181413226451
652	2723	1260.0407721135057	7173515.0	122566.28	-1.6533255841750052	2.618975308160463	-0.9343008731110342	2.2266097746778897
653	2728	1260.4213886618622	63666790.0	129300.82	-1.2704608571197982	4.458755707037905	-0.9863484155270629	2.956047667932137
654	2729	1260.595800610888	37961950.0	130059.73	-0.6424748405868955	3.483305715796402	-0.95908587262943	1.8009817467902902
655	2730	1260.9227091538435	5604079.5	129525.29	-1.1775586086260519	1.9759245905686298	-0.9341862187532436	2.1726730173550823
656	2740	1263.3045988021838	5841846.5	122914.21	-0.24888134468872392	1.3544125528051283	-0.2892243236069671	1.0553726554355929
657	2742	1263.6420959388608	9701189.0	136978.16	-1.266553320181082	2.5994438070713626	-0.8976134202240569	2.0825035439922703
658	2745	1266.4067491882652	10982701.0	128552.37	-2.1827695087640397	3.3030469767949278	-0.987809708631999	3.031226277958201
659	2759	1274.651016517746	7110611.0	139311.89	-1.8746838946721867	2.6740935493112543	-0.8661320796279979	2.1694897976954914
660	2761	1275.142215766625	6170715.5	132657.98	-1.6696221108395068	2.361150856053441	-0.8826453794480364	1.6186466763854965
661	2764	1276.64685406532	7672105.5	129115.94	-1.4648939957147842	2.4969343476780903	-0.8683716126211503	2.416819447210069
662	2771	1280.1397730208942	8370390.0	128775.26	-0.8654137145851506	2.132938716570207	-0.8689502245815579	1.6616733948191975
663	2772	1280.2494375976808	26439050.0	125846.11	-0.9464875897588244	3.3547645172272267	-0.9894709801504452	2.6653342082819202
664	2777	1282.3555250876836	6360564.5	113006.28	-1.0916986033734524	2.0306737334108007	-0.6959097450922123	1.2406656892274264
665	2778	1283.6551424833228	375119230.0	131756.89	-0.7009677455972374	5.799880224783877	-0.9990900179309995	1.7166626681745403
666	2780	1283.8518457250589	5985973.5	118688.14	-1.987139472657046	2.553527155202483	-0.9374747496210631	2.5358353864008794
667	2781	1284.1578050557364	13454309.0	127457.15	-1.4816425396467228	3.0177307647083085	-0.9470705998037183	2.555157838429255
668	2783	1284.6584592027248	7330178.0	120899.73	-0.3396362741785571	1.3883337452932114	-0.09639937126245758	1.4600278322796199
669	2784	1285.188301974319	24642834.0	133984.3	-1.2930488846637034	3.528550455052825	-0.9784136921972545	2.6774053477432576
670	2785	1285.6868640744221	5459399.5	98152.79	-0.5349243602078548	1.5299604328515777	-0.40340094234694185	1.9677277495329677
671	2793	1291.1723192163822	9535940.0	129789.49	-0.5245707129071844	2.0339569682476384	-0.8437086021451728	1.477710070156518
672	2811	1300.063374531192	21058588.0	138490.56	-1.782849157488813	3.6448855985032953	-0.9725948440049305	1.9797829993806766
673	2813	1300.2991174392491	7725822.0	135105.19	-1.018182903700683	2.201179612340524	-0.8980841665514157	1.8453327843465608
674	2819	1303.665089605749	18114314.0	131861.11	-1.5344004743020196	3.377919964072283	-0.9977364399300972	2.38635651181017
675	2828	1308.5946917931317	6534291.0	109177.09	-0.17881944363453886	1.422699052318321	-0.1730734543725979	1.0458826205879814
676	2830	1310.1678491491361	13304697.0	127820.35	-0.8237040517355089	2.5927716406517898	-0.7705067238468417	1.652900119014768
677	2837	1313.9435175275307	15528439.0	127363.17	-1.0349563755783737	2.889249353979972	-0.9284377818694687	2.347298753293761
678	2840	1315.772731637111	31473694.0	131620.36	-0.5899608787763436	3.255241768015082	-0.9381704967474455	1.4361607760378576
679	2849	1319.172972464391	471300740.0	130948.984	-0.7212271014319361	6.055736184586818	-0.9979301307611578	1.7546875585138675
680	2852	1319.675761661208	11297887.0	134020.4	-1.7969211465508217	3.136854320664166	-0.8944922109967499	3.6357025225680517
681	2853	1320.1752610238216	6926011.0	123101.26	-1.4450625273442539	2.3622049675710786	-0.9436513728049449	2.052293168299317
682	2857	1323.289639997224	5893871.0	100849.95	-2.389175587364244	2.7341782390114187	-0.7456257373327578	1.672470784057317
683	2859	1323.979053756162	16250575.0	128086.125	-0.6862614548487163	2.6652114479035514	-0.9247660054878344	1.5882115267150811
684	2860	1324.1655139355687	6601321.5	121701.71	-0.10914404612954577	1.3629356319521988	-0.262954685438754	1.288077798835741
685	2863	1325.4172665725978	29586918.0	119070.63	-1.9945350529793209	4.197366758202864	-0.9890259803048366	5.788228200738343
686	2865	1326.2810001846544	28612022.0	132689.08	-1.3539186301780424	3.724135610366309	-0.9850089149116452	2.9231942029978515
687	2873	1329.673136804817	10319547.0	130042.484	-0.49155293635392044	2.062576682515865	-0.813277994792853	1.3749376277459513
688	2876	1331.9379837034367	18385594.0	126126.66	-0.8060704716245878	2.9042513066523874	-0.9641404727768023	2.2979243789367096
689	2877	1332.1897797431602	5106639.0	121836.86	-0.5371577776528053	1.4422596892955175	-0.8264961226926424	1.47654319503602
690	2881	1333.5893201546387	10923501.0	130945.76	-1.2052821436703323	2.6036777906595012	-0.9863532931515091	1.5984504909379718
691	2893	1340.489455320784	6264065.0	119328.56	-3.011065387019559	3.2297067906985055	-0.9590556565419741	3.535067848808099
692	2907	1354.6640959182753	5200791.5	99864.73	-0.7930896401498866	1.713691287569023	-0.6226707339682607	2.0404483640552784
693	2918	1359.09138336446	6056167.5	108537.05	-1.1146649038227228	1.9032385454312157	-0.5906836144136988	1.6618360134289296
694	2923	1359.661927235134	7174048.5	127952.7	-1.1082473362243506	2.143640134338921	-0.7752299675286647	1.2785564332610255
695	2928	1361.671987276883	15694316.0	122195.58	-1.238202380402205	2.9992703643738263	-0.8776021406255488	1.8783895491070135
696	2933	1364.2114778445928	20776014.0	125666.17	-1.300627429525725	3.3503207871054643	-0.9609902117273948	2.8681789428992803
697	2937	1366.2974058429304	17936862.0	119684.24	-1.4544116565435488	3.3330867609224915	-0.9786461223133673	3.0052769736211724
698	2949	1371.726026005359	5033119.5	119835.95	-0.7131794084757379	1.529464528066019	-0.7929909677433113	1.5315814227493014
699	2952	1372.672610000259	11239443.0	120685.35	-0.27618997138209417	1.9820110629282852	-0.4369714154658272	1.6637626645218695
700	2958	1379.6313668902985	5250944.0	107849.9	-0.7941748658369817	1.649348591348266	-0.7631837721310369	2.6320835818801878
701	2975	1388.4666415126467	11298458.0	121381.72	-1.4548480335392693	2.793899067437061	-0.902510284067802	2.080653412927615
702	2983	1392.9677609139462	137456100.0	127169.914	-1.092302617158762	5.101665094083264	-0.9902993735284058	2.4073355102963876
703	2984	1393.2188553680412	12428701.0	124841.61	-1.7090503413236278	3.080582355486908	-0.9666933616791541	2.241922230809025
704	2985	1393.4687870749608	15301217.0	132507.73	-1.6592333696262793	3.2904392744138597	-0.9837239277533688	2.3996083163770567
705	2988	1395.7094059686724	6370032.5	117512.41	-0.7197987512906616	1.663995990734156	-0.4825145488673075	0.8325619760262855
706	2996	1403.2063270772833	13038220.0	125279.09	-0.7417231883620926	2.4456731641022977	-0.7837825244601433	1.4599615350652626
707	3002	1406.6775226703144	5620791.5	127197.625	-1.2353274577426978	1.9958139700849071	-0.8898451868933631	1.6482478642079572
708	3008	1411.6749244843681	20953792.0	121597.56	-0.7366924527694145	2.969572338262414	-0.9658246682822276	1.70760093247372
709	3010	1412.2112691220902	369099680.0	124403.73	-0.826809265144997	5.880780107690178	-0.9984439481666386	1.933424897939111
710	3012	1412.7136391540353	14524443.0	125341.586	-0.7463720640177011	2.5953251828430792	-0.9436026743353652	1.6007846354010682
711	3013	1413.2142741012776	7411934.0	134559.8	-0.9101191644244518	2.0504133056355442	-0.8645498217333573	1.5684523193167526
712	3025	1421.5186564110109	9354562.0	121207.51	-1.9171396437159525	2.9285721537176763	-0.9575814496445455	2.0380647839058113
713	3038	1431.4857854765905	11840767.0	129273.38	-1.0548887491371584	2.5724035636565965	-0.8973681178930444	1.8798082143187733
714	3047	1438.7235506120105	5333605.5	132622.81	-1.2892644065309546	1.8843046017154559	-0.9026500841084357	1.275237849031486
715	3053	1442.7978708774215	7299647.0	115328.516	-1.215091910142564	2.2014162674702407	-0.8530020545651996	1.4906428995665262
716	3058	1444.8131245097093	18667402.0	125089.62	-0.8332968429813439	2.9027879285361626	-0.9953356661644958	1.7195442635095417
717	3060	1447.7293930099024	209098610.0	122068.57	-0.856717416571059	5.3445570444726735	-0.9978015293566944	1.9578415688927349
718	3062	1448.2320944595447	11255358.0	124949.34	-0.780766916558548	2.359311554587257	-0.8421007053504613	1.7470449994396542
719	3065	1449.2446077642546	16051641.0	111847.82	-1.2327662544452296	3.023933467395286	-0.8278917294764006	2.252045849660956
720	3081	1460.7083920363775	5473724.0	98581.6	-0.6736425513950791	1.5778315894760069	-0.5752309185175767	1.3665967659516902
721	3082	1461.540519791514	5734822.5	125519.24	-0.8644371657864114	1.7604552752599445	-0.7710682052198983	1.2763812257780422
722	3089	1467.0035858588165	16597820.0	123102.28	-1.1299490034291124	3.0147508236264566	-0.9412803236794155	2.6034155034676587
723	3100	1476.393712768535	16821622.0	123370.94	-1.0307772675813676	2.9630113744314417	-0.9474043981657386	1.8760841247953401
724	3108	1481.2583731518357	14091690.0	127361.04	-1.3697128267408507	2.9896413224754257	-0.9828583705996358	1.8663361098923754
725	3114	1487.348342362767	7760710.5	108315.43	-0.587549257360639	1.8624776805162142	-0.5885610636032702	1.3044091776372413
726	3123	1500.7653431577087	18755524.0	126283.33	-0.8323997792139244	2.908611622827939	-0.7904252638226072	1.8141644194117337
727	3125	1501.5539109776237	5544049.0	122642.016	-1.3298563047581733	2.0680258613257942	-0.6649279618975672	3.5907348207676506
728	3129	1502.751919584387	12864726.0	115316.445	-0.663881057867576	2.401154953953803	-0.8518646124467932	1.8026142295738432
729	3130	1503.2443068269006	25892920.0	120630.54	-1.0148607246768242	3.3901506951512754	-0.97675015042822	2.5078460363036053
730	3142	1510.0754217378012	16766469.0	114786.88	-1.6434271046103939	3.359707711441595	-0.9760627890986815	3.278589883035122
731	3143	1511.757023976103	69173550.0	123638.44	-1.08992878039897	4.400360035895206	-0.9950511421198562	2.0563688791758072
732	3147	1513.796263459842	5411224.0	96089.87	0.39387937276414947	0.86779116809967	0.35262271472851764	0.8553497682339803
733	3152	1518.0262655922586	5345119.0	121280.97	-0.8492743387137333	1.6617629449726636	-0.8096744988946358	1.448898251769146
734	3161	1529.7570682316295	10247136.0	124183.805	-1.2192650507267873	2.5864631272015166	-0.9597461134291112	1.723487139458445
735	3164	1535.718335978058	12745377.0	116851.17	-0.5569067599617085	2.345492302663015	-0.9264894023964327	1.8539969855822251
736	3166	1538.7836350677985	5407108.0	119410.53	-0.8935123056519437	1.7487052770658442	-0.7548591891904459	1.6466533313122715
737	3176	1547.2751806482052	76645300.0	121466.914	-0.9901604380547062	4.431414298209593	-0.9934546976490926	2.088367691668096
738	3188	1559.0971328321211	10019916.0	115029.734	-0.9756931310814267	2.421990710442787	-0.9167308869805318	2.159179438160942
739	3208	1578.10384623664	31542798.0	119053.44	-0.8885804271159815	3.4589696547919315	-0.9790588611333918	1.7754624702278226
740	3209	1578.4393634825926	6435564.0	110637.84	-0.4481858751437133	1.640932184849697	-0.5483047580333907	2.373575362895291
741	3215	1582.7930705150543	54034580.0	118572.69	-0.8778771696325274	4.00996637195846	-0.9898644680064475	1.9898397798003349
742	3233	1601.7823432031314	19903788.0	119147.266	-1.5737169803532514	3.4793779882510827	-0.994811872259569	2.3187981434103238
743	3237	1604.7386223930916	11882359.0	107668.34	-0.19881579058426527	2.067216364027568	-0.09429145045169629	2.124726709457586
744	3238	1604.7592646845058	5929926.5	108527.34	-0.6089754895263224	2.39619047154922	-0.38307681579143305	2.284720597960346
745	3239	1607.8734641937722	43901740.0	115778.96	-0.6277774719943868	3.6107846836366906	-0.9745896242632942	1.7008563775102585
746	3249	1622.748626529426	6503679.0	111636.33	-1.1548856462689974	2.092588614535465	-0.8901248217569947	1.8059353200361596
747	3261	1638.3072760131154	5672636.5	110769.03	-1.5385342135180653	2.2187378009453713	-0.871062078362673	1.4479273725145883
748	3262	1639.7638121733944	5430001.0	112782.62	-0.9507809717270167	1.7326880733300716	-0.6280182785576225	2.062553083864393
749	3268	1647.3129108167034	57075420.0	114866.04	-0.7931126646947271	3.9914000322220495	-0.9888036899382926	1.8960594207482697
750	3283	1676.818386920133	45559932.0	114673.664	-0.9368442640316812	3.8662058631476683	-0.9941916542979709	1.9186292756544
751	3299	1703.8541241247144	12930858.0	109786.14	-0.4389998817205956	2.268368211230851	-0.7455237053968015	1.355304760987904
752	3301	1705.7118425524504	5468422.5	111653.66	-0.7324661211540952	1.6641139616008411	-0.6795914532613467	1.728133378578296
753	3304	1706.940256288414	6663739.5	112884.32	-0.7807450990035246	1.8548861487339083	-0.9302491124127426	1.6350163993602833
754	3309	1710.799588005077	6088536.0	94511.1	-0.3655073615203805	1.4675764878173017	-0.32335428680913275	1.2068354765633607
755	3313	1715.1603906161545	6678345.5	115382.336	-0.8085119618496968	1.871234750435669	-0.9365690269581202	1.4428829680863953
756	3328	1740.8282348860037	5502648.5	117397.16	-1.5804774094005192	2.1549274217579812	-0.9416223328812305	1.9573332615350783
757	3331	1744.8829934075457	5021505.5	110217.82	0.35764484798474017	0.7939599802702357	0.2705462917191186	0.954376959194887
758	3332	1747.3694379198969	24329350.0	112331.7	-0.9767402081629688	3.2787549705685306	-0.9961734624045948	1.9746557194398366
759	3342	1763.9610391275812	35298600.0	110815.89	-0.8813455303643044	3.5832374955509363	-0.991976137122455	1.9861427941999017
760	3365	1801.8531248839138	5100948.0	113213.28	-1.306778232370045	1.9289693944038704	-0.5824542490683166	1.1062893409841519
761	3370	1811.8897293017794	12241900.0	109150.92	-0.8612871524883147	2.525799360484072	-0.9394042580287456	2.1222852927547704
762	3389	1834.9972888078019	19935824.0	111939.984	-0.9002236108654973	3.0125741365173484	-0.979143848236865	1.7940708837377424
763	3404	1872.8889977512504	5087129.0	114095.14	-0.7220515447467616	1.4962309675864867	-0.5013139418308227	1.1943857261987563
764	3405	1872.975100552355	8065125.5	115016.54	-0.5452605535667421	1.8449106947957954	-0.6411032340644445	1.3482682988929617
765	3410	1874.801439135363	5051552.0	98127.4	1.0893293249907698	0.2383920247260113	0.6383831592298514	0.9537056998765802
766	3419	1885.4225145041753	19010296.0	108684.13	-0.7102116488846492	2.8351764374598543	-0.9058476801892753	2.005792182144877
767	3434	1906.032585259614	40509652.0	103951.81	-0.8070604016457812	3.6462731427564896	-0.9399274477341288	1.8856873782886419
768	3460	1949.9419884216265	20457938.0	107194.45	-1.1494404888575773	3.2303256636409388	-0.9957862424010582	2.049241053978636
769	3482	1985.4604288620158	20821168.0	103433.516	-0.7913387033567012	3.0008917111841344	-0.9688313925274584	1.9931144799652278
770	3492	2005.0999560454475	7812464.0	96366.48	-0.7117128253351	1.9609739807998086	-0.7317199721512907	1.8046634569503568
771	3516	2042.000368477999	19065056.0	106908.39	-0.8248384771731556	2.9267721154991766	-0.9392047196101773	2.020821721033909
772	3526	2058.9638919981153	5035431.0	111170.945	-0.8656943956969726	1.5627149230275015	-0.5635317589272584	1.22212167925531
773	3542	2091.5339106187876	8092245.0	97522.914	-0.6318212855528887	1.9567863775224343	-0.9096847172003345	1.4864165327139303
774	3613	2214.0814914796874	6806784.0	96521.08	-1.2335659139905748	2.155674560904518	-0.9456465541682543	1.3663476858426566
775	3639	2265.2109422862345	26962096.0	96295.67	-0.9730756867382855	3.3768511455857126	-0.9763399517230125	2.018810741107009
776	3689	2352.398373544348	5297798.5	71619.34	-0.6167006831578031	1.790695807427218	-0.40928097729964885	0.6503763150162257
777	3693	2352.5458850786617	5163311.5	97777.086	-1.0881888749697564	2.08933369999933	-0.47080621913589504	0.8684767891320541
778	3694	2352.60307834746	5571777.0	56977.145	-1.0006929362747645	2.1002322483628157	-0.3789725182667958	0.9534117625884526
779	3695	2352.634886021733	5171166.0	64475.805	-0.49211303720407373	1.5519126971167878	-0.13856379274978	1.0723509495121806
